id,idconf,method,type,flit,feat,lit,op,chars,BFED,BFCD,timeSelection,timeSimplification,timeTotal
1,1,Naive,AND,1,6,14,20,198,2.0,1.0,0,0,0
2,1,onlySelection,AND,1,6,14,20,198,2.0,1.0,0,0,0
3,1,ATGT,AND,1,6,13,18,173,0.0,0.0,0,1028,1028
4,1,Espresso,AND,1,6,14,20,198,2.0,1.0,1,39,40
5,1,JBool,AND,1,6,13,18,173,0.0,0.0,0,0,0
6,1,QM,AND,1,6,13,18,173,0.0,0.0,0,32,32
7,1,Naive,OR,1,7,18,23,268,10.0,5.0,0,0,0
8,1,onlySelection,OR,1,7,18,23,268,10.0,5.0,0,0,0
9,1,ATGT,OR,1,7,18,23,268,10.0,5.0,0,5225,5225
10,1,Espresso,OR,1,6,17,26,255,14.0,5.0,0,254,254
11,1,JBool,OR,1,6,17,26,255,14.0,5.0,0,15,15
12,1,QM,OR,1,6,17,26,255,26.0,5.0,0,116,116
13,2,Naive,AND,2,6,15,23,207,5.0,2.0,0,0,0
14,2,onlySelection,AND,2,6,15,23,207,5.0,2.0,0,0,0
15,2,ATGT,AND,2,6,15,23,207,5.0,2.0,0,1051,1051
16,2,Espresso,AND,2,5,14,25,202,7.0,2.0,1,47,48
17,2,JBool,AND,2,5,14,25,202,7.0,2.0,0,0,0
18,2,QM,AND,2,5,16,25,238,13.0,4.0,0,34,34
19,2,Naive,OR,2,7,23,38,393,30.0,10.0,0,0,0
20,2,onlySelection,OR,2,7,23,38,393,30.0,10.0,0,0,0
21,2,ATGT,OR,2,7,22,36,382,27.0,9.0,0,5259,5259
22,2,Espresso,OR,2,6,22,41,380,33.0,10.0,0,273,273
23,2,JBool,OR,2,6,21,39,369,30.0,9.0,0,4,4
24,2,QM,OR,2,6,21,39,369,38.0,9.0,0,134,134
25,3,Naive,AND,3,8,16,24,234,6.0,3.0,0,0,0
26,3,onlySelection,AND,3,8,16,24,236,6.0,3.0,1,0,1
27,3,ATGT,AND,3,8,16,24,236,6.0,3.0,0,1058,1058
28,3,Espresso,AND,3,7,15,26,231,8.0,3.0,1,48,49
29,3,JBool,AND,3,7,15,26,231,8.0,3.0,0,0,0
30,3,QM,AND,3,7,17,28,259,15.0,5.0,0,31,31
31,3,Naive,OR,3,8,28,43,470,35.0,15.0,0,0,0
32,3,onlySelection,OR,3,8,28,43,470,35.0,15.0,0,0,0
33,3,ATGT,OR,3,8,27,41,461,33.0,14.0,0,5502,5502
34,3,Espresso,OR,3,7,27,46,457,38.0,15.0,0,316,316
35,3,JBool,OR,3,7,28,46,472,38.0,16.0,0,6,6
36,3,QM,OR,3,7,26,44,446,43.0,14.0,0,198,198
37,4,Naive,AND,4,10,17,24,291,6.0,4.0,0,0,0
38,4,onlySelection,AND,4,10,17,24,295,6.0,4.0,1,0,1
39,4,ATGT,AND,4,10,17,24,295,6.0,4.0,0,1194,1194
40,4,Espresso,AND,4,9,16,26,290,8.0,4.0,1,58,59
41,4,JBool,AND,4,9,16,26,290,8.0,4.0,0,2,2
42,4,QM,AND,4,10,17,24,295,6.0,4.0,0,5002,5002
43,4,Naive,OR,4,7,33,48,567,40.0,20.0,0,0,0
44,4,onlySelection,OR,4,7,33,48,567,40.0,20.0,0,0,0
45,4,ATGT,OR,4,7,27,40,453,30.0,14.0,0,5243,5243
46,4,Espresso,OR,4,6,32,51,554,43.0,20.0,0,288,288
47,4,JBool,OR,4,6,34,59,568,54.0,22.0,0,0,0
48,4,QM,OR,4,6,26,43,442,43.0,14.0,0,178,178
49,5,Naive,AND,5,9,18,26,278,8.0,5.0,0,0,0
50,5,onlySelection,AND,5,9,18,26,284,8.0,5.0,0,0,0
51,5,ATGT,AND,5,9,18,26,284,8.0,5.0,0,1123,1123
52,5,Espresso,AND,5,8,17,28,279,10.0,5.0,1,49,50
53,5,JBool,AND,5,8,17,28,279,10.0,5.0,0,0,0
54,5,QM,AND,5,8,22,38,339,25.0,10.0,0,425,425
55,5,Naive,OR,5,7,38,58,549,50.0,25.0,0,0,0
56,5,onlySelection,OR,5,7,38,58,549,50.0,25.0,0,0,0
57,5,ATGT,OR,5,7,18,26,247,10.0,5.0,0,5440,5440
58,5,Espresso,OR,5,6,37,61,536,53.0,25.0,0,263,263
59,5,JBool,OR,5,6,17,29,240,16.0,5.0,0,0,0
60,5,QM,OR,5,6,17,29,240,26.0,5.0,0,121,121
61,6,Naive,AND,6,9,19,29,282,11.0,6.0,0,0,0
62,6,onlySelection,AND,6,9,19,29,290,11.0,6.0,0,0,0
63,6,ATGT,AND,6,9,19,29,290,11.0,6.0,0,1071,1071
64,6,Espresso,AND,6,8,18,31,285,13.0,6.0,1,51,53
65,6,JBool,AND,6,8,18,31,285,13.0,6.0,1,0,1
66,6,QM,AND,6,9,19,29,290,11.0,6.0,1,5014,5016
67,6,Naive,OR,6,8,43,63,641,55.0,30.0,0,0,0
68,6,onlySelection,OR,6,8,43,63,641,55.0,30.0,0,0,0
69,6,ATGT,OR,6,8,23,34,339,20.0,10.0,0,5318,5318
70,6,Espresso,OR,6,7,42,66,628,59.0,30.0,0,270,270
71,6,JBool,OR,6,7,29,50,445,44.0,17.0,0,0,0
72,6,QM,OR,6,7,22,37,330,36.0,10.0,0,315,315
73,7,Naive,AND,7,11,20,30,330,12.0,7.0,0,0,0
74,7,onlySelection,AND,7,11,20,30,340,12.0,7.0,0,0,0
75,7,ATGT,AND,7,11,20,30,340,12.0,7.0,0,1031,1031
76,7,Espresso,AND,7,10,19,32,335,14.0,7.0,1,40,41
77,7,JBool,AND,7,10,19,32,335,14.0,7.0,0,0,0
78,7,QM,AND,7,11,20,30,340,12.0,7.0,0,5012,5012
79,7,Naive,OR,7,9,48,68,723,60.0,35.0,0,0,0
80,7,onlySelection,OR,7,9,48,68,723,60.0,35.0,0,0,0
81,7,ATGT,OR,7,9,31,45,455,33.0,18.0,0,5322,5322
82,7,Espresso,OR,7,8,47,71,710,64.0,35.0,0,278,278
83,7,JBool,OR,7,8,44,75,716,75.0,32.0,0,0,0
84,7,QM,OR,7,8,30,48,446,47.0,18.0,0,1621,1621
85,8,Naive,AND,8,10,21,31,322,13.0,8.0,0,0,0
86,8,onlySelection,AND,8,10,21,31,334,13.0,8.0,0,0,0
87,8,ATGT,AND,8,10,20,29,317,11.0,7.0,1,1049,1050
88,8,Espresso,AND,8,9,20,33,329,15.0,8.0,1,37,38
89,8,JBool,AND,8,9,20,33,329,15.0,8.0,0,16,16
90,8,QM,AND,8,10,21,31,334,13.0,8.0,0,5009,5009
91,8,Naive,OR,8,10,53,78,975,70.0,40.0,0,0,0
92,8,onlySelection,OR,8,10,53,78,975,70.0,40.0,0,0,0
93,8,ATGT,OR,8,10,34,51,611,39.0,21.0,0,5334,5335
94,8,Espresso,OR,8,9,52,81,962,74.0,40.0,0,264,264
95,8,JBool,OR,8,9,50,87,877,90.0,38.0,0,0,0
96,8,QM,OR,8,10,36,53,635,48.0,23.0,0,5631,5631
97,9,Naive,AND,9,11,22,34,358,16.0,9.0,0,0,0
98,9,onlySelection,AND,9,11,22,34,372,16.0,9.0,0,0,0
99,9,ATGT,AND,9,11,21,32,357,14.0,8.0,0,1087,1087
100,9,Espresso,AND,9,10,21,36,367,18.0,9.0,1,52,53
101,9,JBool,AND,9,10,21,36,367,18.0,9.0,0,0,0
102,9,QM,AND,9,11,22,34,372,16.0,9.0,0,5007,5007
103,9,Naive,OR,9,11,58,83,1132,75.0,45.0,0,0,0
104,9,onlySelection,OR,9,11,58,83,1132,75.0,45.0,0,0,0
105,9,ATGT,OR,9,11,29,42,535,28.0,16.0,0,5429,5429
106,9,Espresso,OR,9,10,57,86,1119,79.0,45.0,0,266,266
107,9,JBool,OR,9,10,46,83,826,85.0,34.0,0,16,16
108,9,QM,OR,9,11,31,44,563,37.0,18.0,0,5167,5167
109,10,Naive,AND,10,12,23,36,360,18.0,10.0,0,0,0
110,10,onlySelection,AND,10,12,23,36,376,18.0,10.0,0,0,0
111,10,ATGT,AND,10,12,22,34,361,16.0,9.0,0,1102,1102
112,10,Espresso,AND,10,11,22,38,371,20.0,10.0,0,36,53
113,10,JBool,AND,10,11,22,38,371,20.0,10.0,1,1,2
114,10,QM,AND,10,12,23,36,376,18.0,10.0,1,5015,5016
115,10,Naive,OR,10,11,63,93,1214,85.0,50.0,0,0,0
116,10,onlySelection,OR,10,11,63,93,1214,85.0,50.0,0,0,0
117,10,ATGT,OR,10,11,31,45,546,31.0,18.0,0,5425,5425
118,10,Espresso,OR,10,10,62,96,1201,88.0,50.0,0,263,263
119,10,JBool,OR,10,10,51,76,896,78.0,39.0,0,16,16
120,10,QM,OR,10,10,32,52,578,50.0,20.0,0,5178,5178
