id,idconf,method,type,flit,feat,lit,op,chars,BFED,BFCD,timeSelection,timeSimplification,timeTotal
1,1,Naive,AND,1,24,56,65,1039,2.0,1.0,0,0,0
2,1,onlySelection,AND,1,24,56,65,1039,2.0,1.0,16,0,16
3,1,ATGT,AND,1,24,55,65,1020,6.0,0.0,15,1088,1103
4,1,Espresso,AND,1,24,56,66,1037,5.0,1.0,17,50,67
5,1,JBool,AND,1,24,55,65,1020,10.0,0.0,0,54,54
6,1,Naive,OR,1,24,67,75,1243,23.0,12.0,0,0,0
7,1,onlySelection,OR,1,24,67,75,1243,23.0,12.0,0,0,0
8,1,ATGT,OR,1,24,65,75,1201,27.0,10.0,0,12624,12624
9,1,Espresso,OR,1,24,67,85,1215,35.0,12.0,0,647,647
10,1,JBool,OR,1,24,66,84,1198,58.0,11.0,0,16,16
11,2,Naive,AND,2,24,57,66,1060,3.0,2.0,0,0,0
12,2,onlySelection,AND,2,24,57,66,1058,3.0,2.0,0,0,0
13,2,ATGT,AND,2,24,57,66,1058,3.0,2.0,0,1087,1087
14,2,Espresso,AND,2,24,57,67,1056,6.0,2.0,0,47,47
15,2,JBool,AND,2,24,57,67,1056,11.0,2.0,0,0,0
16,2,Naive,OR,2,24,79,99,1543,59.0,24.0,0,0,0
17,2,onlySelection,OR,2,24,79,99,1543,59.0,24.0,0,0,0
18,2,ATGT,OR,2,24,71,87,1369,40.0,16.0,0,12421,12421
19,2,Espresso,OR,2,24,79,109,1515,71.0,24.0,0,661,661
20,2,JBool,OR,2,24,71,97,1345,80.0,16.0,0,25,25
21,3,Naive,AND,3,24,58,70,1068,7.0,3.0,0,0,0
22,3,onlySelection,AND,3,24,58,70,1066,7.0,3.0,3,0,3
23,3,ATGT,AND,3,24,57,69,1056,9.0,2.0,3,1068,1071
24,3,Espresso,AND,3,24,58,71,1064,10.0,3.0,2,51,53
25,3,JBool,AND,3,24,58,67,1062,13.0,3.0,0,0,0
26,3,Naive,OR,3,24,91,123,1749,71.0,36.0,0,0,0
27,3,onlySelection,OR,3,24,91,123,1749,71.0,36.0,0,1,1
28,3,ATGT,OR,3,24,84,111,1608,58.0,29.0,0,12481,12481
29,3,Espresso,OR,3,24,91,133,1721,83.0,36.0,5,634,639
30,3,JBool,OR,3,24,86,126,1622,99.0,31.0,0,16,16
31,4,Naive,AND,4,24,59,70,1086,6.0,4.0,0,0,0
32,4,onlySelection,AND,4,24,59,70,1088,6.0,4.0,0,0,0
33,4,ATGT,AND,4,24,58,69,1079,5.0,3.0,16,1037,1053
34,4,Espresso,AND,4,24,59,70,1088,6.0,4.0,0,63,63
35,4,JBool,AND,4,24,58,69,1079,6.0,3.0,0,0,0
36,4,Naive,OR,4,24,103,159,2183,107.0,48.0,0,0,0
37,4,onlySelection,OR,4,24,103,159,2183,107.0,48.0,0,0,0
38,4,ATGT,OR,4,24,91,134,1894,81.0,36.0,0,12710,12710
39,4,Espresso,OR,4,24,103,169,2155,119.0,48.0,0,640,640
40,4,JBool,OR,4,24,116,177,2289,146.0,61.0,0,31,31
41,5,Naive,AND,5,24,60,73,1116,9.0,5.0,0,0,0
42,5,onlySelection,AND,5,24,60,73,1114,9.0,5.0,0,0,0
43,5,ATGT,AND,5,24,60,73,1114,9.0,5.0,0,1055,1055
44,5,Espresso,AND,5,24,60,74,1112,12.0,5.0,0,63,63
45,5,JBool,AND,5,24,60,72,1112,17.0,5.0,2,2,4
46,5,Naive,OR,5,24,115,171,2185,119.0,60.0,0,0,0
47,5,onlySelection,OR,5,24,115,171,2185,119.0,60.0,0,0,0
48,5,ATGT,OR,5,24,98,141,1863,86.0,43.0,0,12719,12719
49,5,Espresso,OR,5,24,115,181,2157,131.0,60.0,0,624,624
50,5,JBool,OR,5,24,121,180,2266,149.0,66.0,0,31,31
51,6,Naive,AND,6,24,61,74,1120,10.0,6.0,0,0,0
52,6,onlySelection,AND,6,24,61,74,1118,10.0,6.0,0,0,0
53,6,ATGT,AND,6,24,61,74,1118,10.0,6.0,0,1141,1141
54,6,Espresso,AND,6,24,61,75,1116,13.0,6.0,0,42,42
55,6,JBool,AND,6,24,61,74,1117,17.0,6.0,0,15,15
56,6,Naive,OR,6,24,127,195,2511,143.0,72.0,0,0,0
57,6,onlySelection,OR,6,24,127,195,2511,143.0,72.0,0,0,0
58,6,ATGT,OR,6,24,108,161,2117,106.0,53.0,0,12791,12791
59,6,Espresso,OR,6,24,127,205,2483,155.0,72.0,0,686,686
60,6,JBool,OR,6,24,116,183,2259,159.0,61.0,0,15,15
61,7,Naive,AND,7,24,62,75,1147,11.0,7.0,0,0,0
62,7,onlySelection,AND,7,24,62,75,1145,11.0,7.0,0,0,0
63,7,ATGT,AND,7,24,62,75,1145,11.0,7.0,0,1102,1102
64,7,Espresso,AND,7,24,62,76,1143,14.0,7.0,0,40,40
65,7,JBool,AND,7,24,62,76,1143,18.0,7.0,0,0,0
66,7,Naive,OR,7,24,139,231,2657,167.0,84.0,0,0,0
67,7,onlySelection,OR,7,24,139,231,2657,167.0,84.0,0,0,0
68,7,ATGT,OR,7,24,109,171,2079,108.0,54.0,0,12812,12812
69,7,Espresso,OR,7,24,139,241,2629,179.0,84.0,0,685,685
70,7,JBool,OR,7,24,154,238,2933,203.0,99.0,0,16,16
71,8,Naive,AND,8,24,63,74,1156,10.0,8.0,0,0,0
72,8,onlySelection,AND,8,24,63,74,1154,10.0,8.0,0,0,0
73,8,ATGT,AND,8,24,63,74,1154,10.0,8.0,0,1086,1086
74,8,Espresso,AND,8,24,63,75,1152,13.0,8.0,0,54,54
75,8,JBool,AND,8,24,63,75,1152,17.0,8.0,0,0,0
76,8,Naive,OR,8,24,151,207,2671,155.0,96.0,0,0,0
77,8,onlySelection,OR,8,24,151,207,2671,155.0,96.0,0,0,0
78,8,ATGT,OR,8,24,110,145,1978,89.0,55.0,0,13506,13506
79,8,Espresso,OR,8,24,151,217,2643,167.0,96.0,0,644,645
80,8,JBool,OR,8,24,116,161,2012,141.0,61.0,0,22,22
81,9,Naive,AND,9,24,64,79,1203,14.0,9.0,0,0,0
82,9,onlySelection,AND,9,24,64,79,1201,14.0,9.0,2,0,2
83,9,ATGT,AND,9,24,64,79,1201,14.0,9.0,2,1104,1106
84,9,Espresso,AND,9,24,64,80,1199,17.0,9.0,3,54,57
85,9,JBool,AND,9,24,64,80,1199,22.0,9.0,2,1,4
86,9,Naive,OR,9,24,163,267,3129,215.0,108.0,0,0,0
87,9,onlySelection,OR,9,24,163,267,3129,215.0,108.0,0,0,0
88,9,ATGT,OR,9,24,125,195,2413,139.0,70.0,0,14114,14114
89,9,Espresso,OR,9,24,163,277,3101,227.0,108.0,0,639,640
90,9,JBool,OR,9,24,214,335,3769,333.0,159.0,0,22,22
91,10,Naive,AND,10,24,65,81,1206,16.0,10.0,0,0,0
92,10,onlySelection,AND,10,24,65,81,1204,16.0,10.0,1,1,2
93,10,ATGT,AND,10,24,65,81,1204,16.0,10.0,2,1206,1208
94,10,Espresso,AND,10,24,65,82,1202,19.0,10.0,2,57,59
95,10,JBool,AND,10,24,65,81,1203,23.0,10.0,2,2,4
96,10,Naive,OR,10,24,175,255,3419,191.0,120.0,0,0,0
97,10,onlySelection,OR,10,24,175,255,3419,191.0,120.0,0,0,0
98,10,ATGT,OR,10,24,121,168,2357,106.0,66.0,0,14554,14554
99,10,Espresso,OR,10,24,175,265,3391,203.0,120.0,0,658,658
100,10,JBool,OR,10,24,249,370,4657,326.0,194.0,0,54,54
