id,idconf,method,type,flit,feat,lit,op,chars,BFED,BFCD,timeSelection,timeSimplification,timeTotal
1,1,Naive,AND,1,31,119,194,2678,3.0,1.0,0,0,0
2,1,onlySelection,AND,1,31,119,194,2678,3.0,1.0,1,0,1
3,1,ATGT,AND,1,30,117,190,2633,3.0,-1.0,1,1131,1132
4,1,Espresso,AND,1,31,119,192,2676,1.0,1.0,2,53,55
5,1,JBool,AND,1,30,117,188,2631,3.0,-1.0,1,0,1
6,1,Naive,OR,1,31,176,307,4005,118.0,58.0,0,0,0
7,1,onlySelection,OR,1,31,176,307,4005,118.0,58.0,0,0,0
8,1,ATGT,OR,1,31,174,303,3966,115.0,56.0,0,62584,62584
9,1,Espresso,OR,1,31,176,307,4005,118.0,58.0,0,3089,3091
10,1,JBool,OR,1,30,171,296,3874,178.0,53.0,0,14,14
11,2,Naive,AND,2,31,120,195,2741,4.0,2.0,0,0,0
12,2,onlySelection,AND,2,31,120,195,2741,4.0,2.0,4,0,4
13,2,ATGT,AND,2,31,120,195,2741,4.0,2.0,4,1086,1090
14,2,Espresso,AND,2,31,120,195,2741,4.0,2.0,3,53,56
15,2,JBool,AND,2,31,120,194,2740,6.0,2.0,3,0,4
16,2,Naive,OR,2,31,234,365,4991,234.0,116.0,0,0,0
17,2,onlySelection,OR,2,31,234,365,4991,234.0,116.0,0,0,0
18,2,ATGT,OR,2,31,223,349,4773,214.0,105.0,0,63517,63517
19,2,Espresso,OR,2,31,234,365,4991,234.0,116.0,0,3084,3084
20,2,JBool,OR,2,30,216,337,4614,299.0,98.0,0,16,16
21,3,Naive,AND,3,31,121,198,2738,6.0,3.0,0,0,0
22,3,onlySelection,AND,3,31,121,198,2736,6.0,3.0,4,0,4
23,3,ATGT,AND,3,31,121,198,2736,6.0,3.0,3,1090,1093
24,3,Espresso,AND,3,31,121,198,2736,6.0,3.0,4,52,56
25,3,JBool,AND,3,31,121,196,2736,7.0,3.0,3,1,4
26,3,Naive,OR,3,31,292,423,6385,234.0,174.0,0,0,0
27,3,onlySelection,OR,3,31,292,423,6385,234.0,174.0,0,0,0
28,3,ATGT,OR,3,31,265,388,5776,200.0,147.0,0,63059,63059
29,3,Espresso,OR,3,31,292,423,6385,234.0,174.0,0,3084,3084
30,3,JBool,OR,3,30,272,401,5968,315.0,154.0,0,21,21
31,4,Naive,AND,4,31,122,199,2773,7.0,4.0,0,0,0
32,4,onlySelection,AND,4,31,122,199,2771,7.0,4.0,4,0,4
33,4,ATGT,AND,4,31,122,199,2771,7.0,4.0,4,1075,1079
34,4,Espresso,AND,4,31,122,199,2771,7.0,4.0,4,53,57
35,4,JBool,AND,4,31,122,198,2772,9.0,4.0,5,1,6
36,4,Naive,OR,4,31,350,481,8475,350.0,232.0,0,0,0
37,4,onlySelection,OR,4,31,350,481,8475,350.0,232.0,0,0,1
38,4,ATGT,OR,4,31,311,431,7493,292.0,193.0,0,63396,63396
39,4,Espresso,OR,4,31,350,481,8475,350.0,232.0,0,3138,3138
40,4,JBool,OR,4,30,333,468,8021,424.0,215.0,0,28,28
41,5,Naive,AND,5,31,123,200,2763,9.0,5.0,0,0,0
42,5,onlySelection,AND,5,31,123,200,2761,9.0,5.0,4,0,4
43,5,ATGT,AND,5,31,122,199,2744,8.0,4.0,4,1108,1112
44,5,Espresso,AND,5,31,123,200,2761,9.0,5.0,4,54,58
45,5,JBool,AND,5,31,123,198,2761,10.0,5.0,4,1,5
46,5,Naive,OR,5,31,408,713,8883,582.0,290.0,0,0,0
47,5,onlySelection,OR,5,31,408,713,8883,582.0,290.0,0,0,0
48,5,ATGT,OR,5,31,342,593,7481,451.0,224.0,0,64404,64404
49,5,Espresso,OR,5,31,408,713,8883,582.0,290.0,0,3080,3080
50,5,JBool,OR,5,30,401,679,8611,635.0,283.0,0,31,31
51,6,Naive,AND,6,31,124,200,2798,8.0,6.0,0,0,0
52,6,onlySelection,AND,6,31,124,200,2796,8.0,6.0,6,0,7
53,6,ATGT,AND,6,31,118,191,2665,0.0,0.0,6,1102,1108
54,6,Espresso,AND,6,31,124,200,2796,8.0,6.0,7,53,60
55,6,JBool,AND,6,31,118,191,2665,2.0,0.0,5,0,6
56,6,Naive,OR,6,31,466,655,9813,524.0,348.0,0,0,0
57,6,onlySelection,OR,6,31,466,655,9813,524.0,348.0,0,0,0
58,6,ATGT,OR,6,31,386,549,8176,406.0,268.0,0,63025,63025
59,6,Espresso,OR,6,31,466,655,9813,524.0,348.0,0,3054,3054
60,6,JBool,OR,6,30,438,632,9152,592.0,320.0,0,38,38
61,7,Naive,AND,7,31,125,205,2823,13.0,7.0,0,0,0
62,7,onlySelection,AND,7,31,125,205,2821,13.0,7.0,0,0,0
63,7,ATGT,AND,7,31,124,203,2801,11.0,6.0,0,1066,1066
64,7,Espresso,AND,7,31,125,205,2821,13.0,7.0,7,38,45
65,7,JBool,AND,7,31,125,201,2819,12.0,7.0,0,16,16
66,7,Naive,OR,7,31,524,829,9873,640.0,406.0,0,0,0
67,7,onlySelection,OR,7,31,524,829,9873,640.0,406.0,0,0,0
68,7,ATGT,OR,7,31,377,594,7269,407.0,259.0,0,62717,62717
69,7,Espresso,OR,7,31,524,829,9873,640.0,406.0,0,3146,3146
70,7,JBool,OR,7,30,510,807,10243,743.0,392.0,0,39,39
71,8,Naive,AND,8,31,126,204,2805,12.0,8.0,0,0,0
72,8,onlySelection,AND,8,31,126,204,2803,12.0,8.0,0,0,0
73,8,ATGT,AND,8,31,126,204,2803,12.0,8.0,0,1102,1102
74,8,Espresso,AND,8,31,126,204,2803,12.0,8.0,6,51,57
75,8,JBool,AND,8,31,126,204,2803,15.0,8.0,6,1,7
76,8,Naive,OR,8,31,582,945,12195,814.0,464.0,0,0,0
77,8,onlySelection,OR,8,31,582,945,12195,814.0,464.0,0,0,0
78,8,ATGT,OR,8,31,378,613,8067,459.0,260.0,0,62517,62519
79,8,Espresso,OR,8,31,582,945,12195,814.0,464.0,0,2990,2990
80,8,JBool,OR,8,30,596,974,12798,960.0,478.0,0,55,55
81,9,Naive,AND,9,31,127,205,2905,12.0,9.0,0,0,0
82,9,onlySelection,AND,9,31,127,205,2903,12.0,9.0,0,0,15
83,9,ATGT,AND,9,31,127,205,2903,12.0,9.0,12,1068,1080
84,9,Espresso,AND,9,31,127,205,2903,12.0,9.0,4,47,51
85,9,JBool,AND,9,31,127,205,2903,15.0,9.0,15,0,15
86,9,Naive,OR,9,31,640,887,13357,756.0,522.0,0,0,0
87,9,onlySelection,OR,9,31,640,887,13357,756.0,522.0,0,0,0
88,9,ATGT,OR,9,31,464,652,9697,503.0,346.0,0,63820,63820
89,9,Espresso,OR,9,31,640,887,13357,756.0,522.0,0,3450,3450
90,9,JBool,OR,9,30,636,941,13936,931.0,518.0,0,92,92
91,10,Naive,AND,10,31,128,209,2925,16.0,10.0,0,0,0
92,10,onlySelection,AND,10,31,128,209,2941,16.0,10.0,10,1,11
93,10,ATGT,AND,10,31,127,207,2890,14.0,9.0,13,1314,1327
94,10,Espresso,AND,10,31,128,209,2941,16.0,10.0,10,54,64
95,10,JBool,AND,10,31,128,208,2940,18.0,10.0,11,1,12
96,10,Naive,OR,10,31,698,1061,13127,872.0,580.0,0,0,0
97,10,onlySelection,OR,10,31,698,1061,13127,872.0,580.0,0,0,0
98,10,ATGT,OR,10,31,521,795,9961,608.0,403.0,0,65867,65867
99,10,Espresso,OR,10,31,698,1061,13127,872.0,580.0,0,3106,3106
100,10,JBool,OR,10,30,767,1203,14727,1184.0,649.0,0,65,65
