id,idconf,method,type,flit,feat,lit,op,chars,BFED,BFCD,timeSelection,timeSimplification,timeTotal
1,1,Naive,AND,1,42,97,102,1400,2.0,1.0,0,0,0
2,1,onlySelection,AND,1,42,97,102,1400,2.0,1.0,3,0,3
3,1,ATGT,AND,1,42,96,102,1380,3.0,0.0,1,1138,1141
4,1,Espresso,AND,1,42,97,103,1400,4.0,1.0,1,55,56
5,1,JBool,AND,1,42,96,102,1380,5.0,0.0,2,1,3
6,1,Naive,OR,1,42,128,164,1669,96.0,32.0,0,0,0
7,1,onlySelection,OR,1,42,128,164,1669,96.0,32.0,0,0,0
8,1,ATGT,OR,1,42,124,162,1623,101.0,28.0,0,33732,33732
9,1,Espresso,OR,1,41,127,197,1598,128.0,32.0,0,1702,1702
10,1,JBool,OR,1,41,125,197,1589,164.0,30.0,0,4,4
11,2,Naive,AND,2,42,98,104,1415,4.0,2.0,0,0,0
12,2,onlySelection,AND,2,42,98,104,1413,4.0,2.0,0,0,0
13,2,ATGT,AND,2,42,98,104,1413,4.0,2.0,0,1105,1105
14,2,Espresso,AND,2,42,98,105,1413,6.0,2.0,0,57,57
15,2,JBool,AND,2,42,98,105,1413,8.0,2.0,2,0,2
16,2,Naive,OR,2,42,160,196,2597,160.0,64.0,0,0,0
17,2,onlySelection,OR,2,42,160,196,2597,160.0,64.0,0,0,0
18,2,ATGT,OR,2,42,155,189,2511,153.0,59.0,0,34916,34916
19,2,Espresso,OR,2,41,159,229,2526,192.0,64.0,0,1720,1720
20,2,JBool,OR,2,41,156,224,2470,217.0,61.0,0,12,12
21,3,Naive,AND,3,42,99,104,1433,4.0,3.0,0,0,0
22,3,onlySelection,AND,3,42,99,104,1431,4.0,3.0,2,0,2
23,3,ATGT,AND,3,42,99,104,1431,4.0,3.0,3,1107,1110
24,3,Espresso,AND,3,42,99,105,1431,6.0,3.0,1,53,54
25,3,JBool,AND,3,42,99,105,1431,6.0,3.0,2,0,2
26,3,Naive,OR,3,42,192,260,2823,224.0,96.0,0,0,0
27,3,onlySelection,OR,3,42,192,260,2823,224.0,96.0,0,1,1
28,3,ATGT,OR,3,42,185,250,2726,217.0,89.0,0,34710,34710
29,3,Espresso,OR,3,41,191,293,2752,256.0,96.0,0,1695,1695
30,3,JBool,OR,3,41,199,303,2851,300.0,104.0,0,16,16
31,4,Naive,AND,4,42,100,108,1450,7.0,4.0,0,0,0
32,4,onlySelection,AND,4,42,100,108,1448,7.0,4.0,2,0,2
33,4,ATGT,AND,4,42,100,108,1448,7.0,4.0,2,1093,1096
34,4,Espresso,AND,4,42,100,109,1448,9.0,4.0,2,53,55
35,4,JBool,AND,4,42,100,109,1448,9.0,4.0,2,0,2
36,4,Naive,OR,4,42,224,260,3177,224.0,128.0,0,0,0
37,4,onlySelection,OR,4,42,224,260,3177,224.0,128.0,0,0,0
38,4,ATGT,OR,4,42,212,246,3028,211.0,116.0,0,34764,34764
39,4,Espresso,OR,4,41,223,293,3106,256.0,128.0,0,1722,1722
40,4,JBool,OR,4,41,223,296,3112,289.0,128.0,0,19,19
41,5,Naive,AND,5,42,101,109,1450,8.0,5.0,0,0,0
42,5,onlySelection,AND,5,42,101,109,1448,8.0,5.0,2,0,2
43,5,ATGT,AND,5,42,101,109,1448,8.0,5.0,2,1143,1145
44,5,Espresso,AND,5,42,101,110,1448,10.0,5.0,2,53,55
45,5,JBool,AND,5,42,101,110,1448,12.0,5.0,3,1,5
46,5,Naive,OR,5,42,256,388,3435,352.0,160.0,0,0,0
47,5,onlySelection,OR,5,42,256,388,3435,352.0,160.0,0,0,0
48,5,ATGT,OR,5,42,195,282,2654,227.0,99.0,0,34859,34859
49,5,Espresso,OR,5,41,255,421,3364,384.0,160.0,0,1717,1717
50,5,JBool,OR,5,41,200,330,2674,315.0,105.0,0,18,18
51,6,Naive,AND,6,42,102,108,1482,8.0,6.0,0,0,0
52,6,onlySelection,AND,6,42,102,108,1480,8.0,6.0,3,0,3
53,6,ATGT,AND,6,42,101,107,1463,7.0,5.0,2,1117,1119
54,6,Espresso,AND,6,42,102,109,1480,10.0,6.0,3,53,56
55,6,JBool,AND,6,42,102,109,1480,10.0,6.0,2,1,3
56,6,Naive,OR,6,42,288,388,4141,352.0,192.0,0,0,0
57,6,onlySelection,OR,6,42,288,388,4141,352.0,192.0,0,0,0
58,6,ATGT,OR,6,42,239,314,3429,262.0,143.0,0,35057,35057
59,6,Espresso,OR,6,41,287,421,4070,384.0,192.0,0,1703,1703
60,6,JBool,OR,6,41,248,365,3499,362.0,153.0,0,21,21
61,7,Naive,AND,7,42,103,112,1494,12.0,7.0,0,0,0
62,7,onlySelection,AND,7,42,103,112,1504,12.0,7.0,3,0,3
63,7,ATGT,AND,7,42,103,112,1504,12.0,7.0,3,1113,1116
64,7,Espresso,AND,7,41,102,114,1499,14.0,7.0,3,53,56
65,7,JBool,AND,7,41,102,114,1499,14.0,7.0,3,0,3
66,7,Naive,OR,7,42,320,452,4175,416.0,224.0,0,0,0
67,7,onlySelection,OR,7,42,320,452,4175,416.0,224.0,0,0,0
68,7,ATGT,OR,7,42,286,400,3757,359.0,190.0,0,35228,35228
69,7,Espresso,OR,7,41,319,485,4104,448.0,224.0,0,1719,1719
70,7,JBool,OR,7,41,309,468,3957,466.0,214.0,0,29,29
71,8,Naive,AND,8,42,104,114,1496,13.0,8.0,0,0,0
72,8,onlySelection,AND,8,42,104,114,1494,13.0,8.0,3,0,3
73,8,ATGT,AND,8,42,104,114,1494,13.0,8.0,3,1100,1103
74,8,Espresso,AND,8,42,104,115,1494,15.0,8.0,3,54,57
75,8,JBool,AND,8,42,104,115,1494,17.0,8.0,2,1,3
76,8,Naive,OR,8,42,352,452,4913,416.0,256.0,0,0,0
77,8,onlySelection,OR,8,42,352,452,4913,416.0,256.0,0,0,0
78,8,ATGT,OR,8,42,248,310,3492,253.0,152.0,0,35323,35323
79,8,Espresso,OR,8,41,351,485,4842,448.0,256.0,0,1698,1698
80,8,JBool,OR,8,41,289,409,4013,406.0,194.0,0,27,27
81,9,Naive,AND,9,42,105,113,1524,13.0,9.0,0,0,0
82,9,onlySelection,AND,9,42,105,113,1522,13.0,9.0,4,0,4
83,9,ATGT,AND,9,42,96,100,1381,0.0,0.0,5,1118,1123
84,9,Espresso,AND,9,42,105,114,1520,15.0,9.0,4,52,56
85,9,JBool,AND,9,42,100,108,1435,14.0,4.0,3,1,4
86,9,Naive,OR,9,42,384,644,5843,576.0,288.0,0,0,0
87,9,onlySelection,OR,9,42,384,644,5843,576.0,288.0,0,0,0
88,9,ATGT,OR,9,42,263,417,3978,339.0,167.0,0,35651,35651
89,9,Espresso,OR,9,41,383,677,5772,608.0,288.0,0,1709,1709
90,9,JBool,OR,9,41,306,518,4476,509.0,211.0,0,32,32
91,10,Naive,AND,10,42,106,115,1531,14.0,10.0,0,0,0
92,10,onlySelection,AND,10,42,106,115,1529,14.0,10.0,6,0,6
93,10,ATGT,AND,10,42,105,114,1516,13.0,9.0,4,1118,1122
94,10,Espresso,AND,10,42,106,116,1529,16.0,10.0,3,53,56
95,10,JBool,AND,10,42,106,116,1529,18.0,10.0,4,1,5
96,10,Naive,OR,10,42,416,484,6389,416.0,320.0,0,0,0
97,10,onlySelection,OR,10,42,416,484,6389,416.0,320.0,0,0,0
98,10,ATGT,OR,10,42,359,415,5502,346.0,263.0,0,35650,35650
99,10,Espresso,OR,10,41,415,517,6318,448.0,320.0,0,1760,1760
100,10,JBool,OR,10,41,462,600,6890,607.0,367.0,0,41,41
