idconf,method,type,flit,feat,lit,op,chars,lev,simpl,timeSelection,timeSimplification
none,NONE,null,42,96,100,1381,0.0,0.0,0,0
3,Naïve,AND,1,42,97,103,1400,3.0,2.0,0,0
3,OnlySelec,AND,1,42,97,103,1400,4.0,0.0,16,0
3,ATGT,AND,1,42,94,100,1355,5.0,-2.0,0,1103
3,Espresso,AND,1,42,97,102,1398,4.0,0.0,0,69
3,JBool,AND,1,42,94,98,1353,4.0,-3.0,0,47
5,Naïve,AND,2,42,98,105,1413,5.0,3.0,0,0
5,OnlySelec,AND,2,42,98,105,1411,5.0,1.0,0,0
5,ATGT,AND,2,42,98,105,1411,5.0,1.0,0,1180
5,Espresso,AND,2,42,98,106,1411,7.0,1.0,0,65
5,JBool,AND,2,42,98,106,1411,7.0,1.0,15,0
6,Naïve,OR,2,42,160,196,2213,160.0,51.0,0,0
6,OnlySelec,OR,2,42,150,181,2083,135.0,46.0,0,432
6,ATGT,OR,2,42,144,175,2007,129.0,46.0,0,31113
6,Espresso,OR,2,41,149,209,2022,162.0,46.0,0,2076
6,JBool,OR,2,41,142,206,1933,185.0,46.0,0,450
7,Naïve,AND,3,42,99,104,1421,5.0,4.0,0,0
7,OnlySelec,AND,3,42,99,104,1419,5.0,2.0,0,0
7,ATGT,AND,3,42,99,104,1419,5.0,2.0,0,1149
7,Espresso,AND,3,42,99,105,1419,7.0,2.0,0,53
7,JBool,AND,3,42,99,105,1419,9.0,2.0,0,0
8,Naïve,OR,3,42,192,228,2631,192.0,91.0,0,0
8,OnlySelec,OR,3,42,189,224,2592,186.0,89.0,0,649
8,ATGT,OR,3,42,185,220,2548,186.0,89.0,0,35993
8,Espresso,OR,3,41,188,256,2523,217.0,89.0,0,2572
8,JBool,OR,3,41,189,258,2532,251.0,89.0,0,555
9,Naïve,AND,4,42,100,107,1450,7.0,5.0,0,0
9,OnlySelec,AND,4,42,100,107,1448,7.0,3.0,0,0
9,ATGT,AND,4,42,100,107,1448,7.0,3.0,0,1236
9,Espresso,AND,4,42,100,108,1448,9.0,3.0,0,62
9,JBool,AND,4,42,100,108,1448,9.0,3.0,0,0
10,Naïve,OR,4,42,224,292,3145,256.0,120.0,0,0
10,OnlySelec,OR,4,42,220,286,3090,248.0,117.0,0,437
10,ATGT,OR,4,42,213,278,3001,244.0,117.0,0,35418
10,Espresso,OR,4,41,219,318,3021,279.0,117.0,0,2321
10,JBool,OR,4,41,233,339,3217,339.0,117.0,0,554
11,Naïve,AND,5,42,101,106,1451,7.0,6.0,0,0
11,OnlySelec,AND,5,42,101,106,1449,7.0,3.0,0,0
11,ATGT,AND,5,42,101,106,1449,7.0,3.0,0,1103
11,Espresso,AND,5,42,101,107,1449,9.0,3.0,0,53
11,JBool,AND,5,42,101,107,1449,11.0,3.0,0,0
12,Naïve,OR,5,42,256,356,4299,320.0,145.0,0,0
12,OnlySelec,OR,5,42,236,324,3935,280.0,129.0,0,647
12,ATGT,OR,5,42,227,312,3813,272.0,129.0,0,32552
12,Espresso,OR,5,41,235,353,3872,308.0,129.0,0,2172
12,JBool,OR,5,41,245,369,4031,351.0,129.0,0,454
13,Naïve,AND,6,42,102,113,1476,14.0,7.0,0,0
13,OnlySelec,AND,6,42,102,113,1474,14.0,5.0,3,0
13,ATGT,AND,6,42,102,113,1474,14.0,5.0,0,1180
13,Espresso,AND,6,42,102,114,1474,16.0,5.0,0,64
13,JBool,AND,6,42,102,114,1474,18.0,5.0,0,0
14,Naïve,OR,6,42,288,324,4429,288.0,169.0,0,0
14,OnlySelec,OR,6,42,276,310,4239,270.0,160.0,0,431
14,ATGT,OR,6,42,259,292,4059,255.0,160.0,0,34666
14,Espresso,OR,6,41,275,341,4172,300.0,160.0,0,2620
14,JBool,OR,6,41,296,376,4437,367.0,160.0,0,770
15,Naïve,AND,7,42,103,114,1489,15.0,8.0,0,0
15,OnlySelec,AND,7,42,103,114,1487,15.0,4.0,16,0
15,ATGT,AND,7,42,102,112,1473,13.0,4.0,0,1187
15,Espresso,AND,7,42,103,115,1485,17.0,4.0,0,47
15,JBool,AND,7,42,103,115,1485,17.0,4.0,0,0
16,Naïve,OR,7,42,320,452,3599,384.0,197.0,0,0
16,OnlySelec,OR,7,42,292,408,3323,336.0,174.0,0,685
16,ATGT,OR,7,42,275,391,3177,322.0,174.0,0,32197
16,Espresso,OR,7,41,291,437,3260,364.0,174.0,0,1991
16,JBool,OR,7,41,322,483,3629,451.0,174.0,0,750
17,Naïve,AND,8,42,104,113,1508,14.0,9.0,0,0
17,OnlySelec,AND,8,42,104,113,1506,14.0,6.0,0,0
17,ATGT,AND,8,42,104,113,1506,14.0,6.0,0,1142
17,Espresso,AND,8,42,104,114,1506,16.0,6.0,0,47
17,JBool,AND,8,42,104,114,1506,18.0,6.0,0,0
18,Naïve,OR,8,42,352,580,5137,480.0,241.0,0,0
18,OnlySelec,OR,8,42,312,505,4552,405.0,207.0,0,732
18,ATGT,OR,8,42,304,493,4446,398.0,207.0,0,31862
18,Espresso,OR,8,41,311,533,4491,432.0,207.0,0,1904
18,JBool,OR,8,41,397,662,5577,635.0,207.0,0,470
19,Naïve,AND,9,42,105,115,1504,16.0,10.0,0,0
19,OnlySelec,AND,9,42,105,115,1502,16.0,6.0,0,0
19,ATGT,AND,9,42,104,113,1488,14.0,6.0,0,1200
19,Espresso,AND,9,42,105,116,1500,18.0,6.0,1,47
19,JBool,AND,9,42,105,116,1500,18.0,6.0,0,0
20,Naïve,OR,9,42,384,580,5587,512.0,265.0,0,0
20,OnlySelec,OR,9,42,303,445,4408,368.0,196.0,0,436
20,ATGT,OR,9,42,296,436,4310,359.0,196.0,0,26497
20,Espresso,OR,9,41,302,469,4357,391.0,196.0,0,1819
20,JBool,OR,9,41,358,550,5064,523.0,196.0,0,732
21,Naïve,AND,10,42,106,116,1536,15.0,11.0,0,0
21,OnlySelec,AND,10,42,106,116,1534,15.0,8.0,0,0
21,ATGT,AND,10,42,106,116,1534,15.0,8.0,16,1115
21,Espresso,AND,10,42,106,117,1534,17.0,8.0,0,84
21,JBool,AND,10,42,106,117,1534,17.0,8.0,0,0
22,Naïve,OR,10,42,416,676,6101,640.0,296.0,0,0
22,OnlySelec,OR,10,42,336,532,4909,480.0,227.0,0,437
22,ATGT,OR,10,42,324,515,4767,467.0,227.0,0,28446
22,Espresso,OR,10,42,336,556,4857,504.0,227.0,0,1887
22,JBool,OR,10,42,425,693,6055,707.0,227.0,0,738
23,Naïve,AND,11,42,107,116,1552,17.0,12.0,0,0
23,OnlySelec,AND,11,42,107,116,1550,17.0,9.0,4,0
23,ATGT,AND,11,42,106,114,1529,15.0,9.0,4,1140
23,Espresso,AND,11,42,107,117,1550,19.0,9.0,0,47
23,JBool,AND,11,42,107,117,1550,21.0,9.0,0,15
24,Naïve,OR,11,42,448,644,6871,608.0,325.0,0,0
24,OnlySelec,OR,11,42,327,457,4990,399.0,217.0,0,616
24,ATGT,OR,11,42,317,442,4842,384.0,217.0,0,24802
24,Espresso,OR,11,41,326,479,4943,420.0,217.0,0,1888
24,JBool,OR,11,41,459,661,6634,701.0,217.0,0,471
25,Naïve,AND,12,42,108,119,1560,20.0,13.0,0,0
25,OnlySelec,AND,12,42,108,119,1558,20.0,10.0,0,0
25,ATGT,AND,12,42,108,119,1558,20.0,10.0,0,1193
25,Espresso,AND,12,42,108,120,1558,22.0,10.0,15,38
25,JBool,AND,12,42,108,120,1558,24.0,10.0,16,0
26,Naïve,OR,12,42,480,644,6553,608.0,355.0,0,0
26,OnlySelec,OR,12,42,372,491,5104,437.0,259.0,0,680
26,ATGT,OR,12,42,358,476,4971,426.0,259.0,0,27097
26,Espresso,OR,12,41,371,515,5051,460.0,259.0,0,1988
26,JBool,OR,12,41,466,659,6306,672.0,259.0,0,813
27,Naïve,AND,13,42,109,123,1579,23.0,14.0,0,0
27,OnlySelec,AND,13,42,109,123,1577,23.0,11.0,0,0
27,ATGT,AND,13,42,108,122,1565,22.0,11.0,0,1185
27,Espresso,AND,13,42,109,124,1577,25.0,11.0,15,47
27,JBool,AND,13,42,109,124,1577,27.0,11.0,16,1
28,Naïve,OR,13,42,512,900,7131,832.0,386.0,0,0
28,OnlySelec,OR,13,42,408,700,5699,624.0,296.0,0,585
28,ATGT,OR,13,42,398,687,5571,614.0,296.0,0,28577
28,Espresso,OR,13,41,407,725,5644,648.0,296.0,0,2004
28,JBool,OR,13,41,512,871,6864,878.0,296.0,0,838
29,Naïve,AND,14,42,110,124,1621,25.0,15.0,0,0
29,OnlySelec,AND,14,42,110,124,1645,25.0,12.0,20,0
29,ATGT,AND,14,42,110,124,1645,25.0,12.0,16,1204
29,Espresso,AND,14,41,109,126,1640,27.0,12.0,0,64
29,JBool,AND,14,41,109,126,1640,27.0,12.0,0,0
30,Naïve,OR,14,42,544,772,8093,704.0,407.0,0,0
30,OnlySelec,OR,14,42,306,415,4540,330.0,198.0,0,647
30,ATGT,OR,14,42,298,406,4450,321.0,198.0,0,18317
30,Espresso,OR,14,41,305,431,4505,345.0,198.0,0,1633
30,JBool,OR,14,41,426,610,6184,593.0,198.0,0,479
31,Naïve,AND,15,42,111,123,1620,24.0,16.0,0,0
31,OnlySelec,AND,15,42,111,123,1646,24.0,13.0,0,0
31,ATGT,AND,15,42,111,123,1646,24.0,13.0,0,1192
31,Espresso,AND,15,41,110,125,1641,26.0,13.0,0,68
31,JBool,AND,15,41,110,125,1641,26.0,13.0,2,0
32,Naïve,OR,15,42,576,900,8255,864.0,451.0,0,0
32,OnlySelec,OR,15,42,441,675,6303,621.0,330.0,0,637
32,ATGT,OR,15,42,430,656,6140,606.0,330.0,0,28202
32,Espresso,OR,15,42,441,698,6253,644.0,330.0,0,1978
32,JBool,OR,15,42,673,1038,9491,1132.0,330.0,0,617
33,Naïve,AND,16,42,112,128,1650,28.0,17.0,0,0
33,OnlySelec,AND,16,42,112,128,1648,28.0,14.0,0,0
33,ATGT,AND,16,42,111,126,1638,26.0,14.0,0,1240
33,Espresso,AND,16,42,112,129,1648,30.0,14.0,0,52
33,JBool,AND,16,42,112,124,1645,26.0,14.0,0,0
34,Naïve,OR,16,42,608,804,8993,736.0,476.0,0,0
34,OnlySelec,OR,16,42,416,540,6149,460.0,300.0,0,864
34,ATGT,OR,16,42,401,522,5961,446.0,300.0,0,24526
34,Espresso,OR,16,41,415,561,6102,480.0,300.0,0,1834
34,JBool,OR,16,41,630,885,9172,931.0,300.0,0,848
35,Naïve,AND,17,42,113,128,1633,27.0,18.0,0,0
35,OnlySelec,AND,17,42,113,128,1631,27.0,14.0,0,0
35,ATGT,AND,17,42,113,128,1631,27.0,14.0,0,1187
35,Espresso,AND,17,42,113,129,1631,29.0,14.0,16,53
35,JBool,AND,17,42,113,129,1631,29.0,14.0,0,0
36,Naïve,OR,17,42,640,868,8547,832.0,502.0,0,0
36,OnlySelec,OR,17,42,368,484,4979,416.0,258.0,0,769
36,ATGT,OR,17,42,362,476,4910,408.0,258.0,0,20062
36,Espresso,OR,17,41,367,501,4942,432.0,258.0,0,1666
36,JBool,OR,17,41,474,664,6292,665.0,258.0,0,785
37,Naïve,AND,18,42,114,129,1665,29.0,19.0,0,0
37,OnlySelec,AND,18,42,114,129,1663,29.0,15.0,8,0
37,ATGT,AND,18,42,114,129,1663,29.0,15.0,16,1164
37,Espresso,AND,18,42,114,130,1663,31.0,15.0,16,84
37,JBool,AND,18,42,114,130,1663,31.0,15.0,15,0
38,Naïve,OR,18,42,672,996,10437,928.0,531.0,0,0
38,OnlySelec,OR,18,42,456,660,7053,580.0,336.0,0,433
38,ATGT,OR,18,42,445,644,6877,567.0,336.0,0,24960
38,Espresso,OR,18,41,455,681,7006,600.0,336.0,0,1851
38,JBool,OR,18,41,695,1044,10027,1085.0,336.0,0,924
39,Naïve,AND,19,42,115,130,1677,31.0,20.0,0,0
39,OnlySelec,AND,19,42,115,130,1675,31.0,16.0,0,0
39,ATGT,AND,19,42,114,128,1654,29.0,16.0,19,1187
39,Espresso,AND,19,42,115,131,1675,33.0,16.0,20,49
39,JBool,AND,19,42,115,130,1674,33.0,16.0,15,0
40,Naïve,OR,19,42,704,996,10567,960.0,565.0,0,0
40,OnlySelec,OR,19,42,495,688,7421,630.0,375.0,0,864
40,ATGT,OR,19,42,482,670,7232,615.0,375.0,0,26222
40,Espresso,OR,19,41,494,710,7372,651.0,375.0,0,1941
40,JBool,OR,19,41,845,1239,12447,1362.0,375.0,0,891
41,Naïve,AND,20,42,116,128,1689,29.0,21.0,0,0
41,OnlySelec,AND,20,42,116,128,1687,29.0,17.0,0,0
41,ATGT,AND,20,42,115,127,1674,28.0,17.0,16,1204
41,Espresso,AND,20,42,116,129,1687,31.0,17.0,0,63
41,JBool,AND,20,42,116,129,1687,33.0,17.0,16,0
42,Naïve,OR,20,42,736,1060,10889,992.0,603.0,0,0
42,OnlySelec,OR,20,42,576,820,8521,744.0,455.0,0,433
42,ATGT,OR,20,42,558,795,8278,724.0,455.0,0,29531
42,Espresso,OR,20,41,575,845,8466,768.0,455.0,0,2104
42,JBool,OR,20,41,1097,1678,15711,1835.0,455.0,0,548
43,Naïve,AND,21,42,117,132,1683,31.0,22.0,0,0
43,OnlySelec,AND,21,42,117,132,1681,31.0,18.0,16,0
43,ATGT,AND,21,42,116,131,1668,30.0,18.0,16,1187
43,Espresso,AND,21,42,117,133,1681,33.0,18.0,16,84
43,JBool,AND,21,42,117,133,1681,35.0,18.0,0,16
44,Naïve,OR,21,42,768,1092,11275,1024.0,616.0,0,0
44,OnlySelec,OR,21,42,390,534,5731,448.0,271.0,0,709
44,ATGT,OR,21,42,377,514,5541,435.0,271.0,0,17952
44,Espresso,OR,21,41,389,549,5696,462.0,271.0,0,1486
44,JBool,OR,21,41,599,868,8780,902.0,271.0,0,501
45,Naïve,AND,22,42,118,137,1699,37.0,23.0,0,0
45,OnlySelec,AND,22,42,118,137,1697,37.0,19.0,0,0
45,ATGT,AND,22,42,118,137,1697,37.0,19.0,16,1217
45,Espresso,AND,22,42,118,138,1697,39.0,19.0,0,85
45,JBool,AND,22,42,118,138,1697,41.0,19.0,16,0
46,Naïve,OR,22,42,800,1284,12525,1216.0,659.0,0,0
46,OnlySelec,OR,22,42,294,433,4544,342.0,191.0,0,632
46,ATGT,OR,22,42,290,428,4485,340.0,191.0,0,11873
46,Espresso,OR,22,41,293,443,4519,351.0,191.0,0,1201
46,JBool,OR,22,41,352,541,5461,476.0,191.0,0,657
47,Naïve,AND,23,42,119,137,1724,38.0,24.0,0,0
47,OnlySelec,AND,23,42,119,137,1766,38.0,21.0,16,0
47,ATGT,AND,23,42,119,137,1766,38.0,21.0,16,1284
47,Espresso,AND,23,41,118,139,1761,40.0,21.0,15,85
47,JBool,AND,23,41,118,139,1761,40.0,21.0,16,17
48,Naïve,OR,23,42,832,1124,12463,1056.0,682.0,0,0
48,OnlySelec,OR,23,42,441,580,6598,495.0,324.0,0,432
48,ATGT,OR,23,42,430,564,6452,481.0,324.0,0,19350
48,Espresso,OR,23,41,440,596,6561,510.0,324.0,0,1687
48,JBool,OR,23,41,560,776,8146,762.0,324.0,0,769
49,Naïve,AND,24,42,120,141,1755,40.0,25.0,0,0
49,OnlySelec,AND,24,42,120,141,1753,40.0,20.0,0,0
49,ATGT,AND,24,42,119,139,1732,38.0,20.0,0,1287
49,Espresso,AND,24,42,120,142,1753,42.0,20.0,15,85
49,JBool,AND,24,42,120,142,1753,44.0,20.0,0,0
50,Naïve,OR,24,42,864,1284,12657,1248.0,718.0,0,0
50,OnlySelec,OR,24,42,480,692,7041,624.0,359.0,0,738
50,ATGT,OR,24,42,466,672,6847,604.0,359.0,0,21136
50,Espresso,OR,24,41,479,709,7004,640.0,359.0,0,1503
50,JBool,OR,24,41,908,1348,12456,1502.0,359.0,0,516
51,Naïve,AND,25,42,121,144,1746,43.0,26.0,0,0
51,OnlySelec,AND,25,42,121,144,1744,43.0,22.0,0,0
51,ATGT,AND,25,42,120,141,1732,41.0,22.0,16,1295
51,Espresso,AND,25,42,121,145,1744,45.0,22.0,15,51
51,JBool,AND,25,42,121,145,1744,45.0,22.0,0,0
52,Naïve,OR,25,42,896,1252,13299,1184.0,746.0,0,0
52,OnlySelec,OR,25,42,521,712,7734,629.0,399.0,0,566
52,ATGT,OR,25,42,507,688,7525,607.0,399.0,0,22234
52,Espresso,OR,25,41,520,730,7695,646.0,399.0,0,1656
52,JBool,OR,25,41,1083,1624,15173,1775.0,399.0,0,532
53,Naïve,AND,26,42,122,144,1747,43.0,27.0,0,0
53,OnlySelec,AND,26,42,122,144,1745,43.0,23.0,0,0
53,ATGT,AND,26,42,122,144,1745,43.0,23.0,0,1249
53,Espresso,AND,26,42,122,145,1745,45.0,23.0,0,50
53,JBool,AND,26,42,122,145,1745,47.0,23.0,16,0
54,Naïve,OR,26,42,928,1444,13493,1376.0,769.0,0,0
54,OnlySelec,OR,26,42,304,436,4397,344.0,197.0,0,732
54,ATGT,OR,26,42,299,430,4328,341.0,197.0,0,10633
54,Espresso,OR,26,42,304,444,4377,352.0,197.0,0,1070
54,JBool,OR,26,42,512,769,7206,778.0,197.0,0,832
55,Naïve,AND,27,42,123,144,1783,43.0,28.0,0,0
55,OnlySelec,AND,27,42,123,144,1781,43.0,23.0,16,0
55,ATGT,AND,27,42,122,142,1770,41.0,23.0,16,1386
55,Espresso,AND,27,42,123,145,1779,45.0,23.0,16,37
55,JBool,AND,27,42,123,145,1779,45.0,23.0,16,0
56,Naïve,OR,27,42,960,1476,13719,1376.0,801.0,0,0
56,OnlySelec,OR,27,42,339,487,4837,387.0,231.0,0,754
56,ATGT,OR,27,42,329,473,4717,378.0,231.0,0,12073
56,Espresso,OR,27,42,339,496,4815,396.0,231.0,0,1038
56,JBool,OR,27,42,530,783,7230,786.0,231.0,0,738
57,Naïve,AND,28,42,124,142,1769,42.0,29.0,0,0
57,OnlySelec,AND,28,42,124,142,1767,42.0,25.0,16,0
57,ATGT,AND,28,42,123,140,1754,40.0,25.0,5,1232
57,Espresso,AND,28,42,124,143,1767,44.0,25.0,15,53
57,JBool,AND,28,42,124,143,1767,46.0,25.0,15,0
58,Naïve,OR,28,42,992,1508,14073,1440.0,820.0,0,0
58,OnlySelec,OR,28,42,348,496,4988,405.0,229.0,0,702
58,ATGT,OR,28,42,339,481,4878,391.0,229.0,0,11979
58,Espresso,OR,28,41,347,506,4965,414.0,229.0,0,1186
58,JBool,OR,28,41,705,1108,9961,1152.0,229.0,0,748
59,Naïve,AND,29,42,125,146,1825,46.0,30.0,0,0
59,OnlySelec,AND,29,42,125,146,1823,46.0,26.0,16,0
59,ATGT,AND,29,42,125,146,1823,46.0,26.0,16,1343
59,Espresso,AND,29,42,125,147,1821,48.0,26.0,16,61
59,JBool,AND,29,42,125,147,1821,48.0,26.0,16,0
60,Naïve,OR,29,42,1024,1508,15771,1408.0,871.0,0,0
60,OnlySelec,OR,29,42,328,452,4965,352.0,223.0,0,839
60,ATGT,OR,29,42,325,446,4920,347.0,223.0,0,11171
60,Espresso,OR,29,42,328,460,4947,360.0,223.0,0,1202
60,JBool,OR,29,42,535,771,7876,783.0,223.0,0,516
61,Naïve,AND,30,42,126,153,1836,52.0,31.0,0,0
61,OnlySelec,AND,30,42,126,153,1892,52.0,27.0,0,0
61,ATGT,AND,30,42,125,151,1880,50.0,27.0,11,1302
61,Espresso,AND,30,41,125,155,1887,54.0,27.0,16,47
61,JBool,AND,30,41,125,155,1887,54.0,27.0,16,0
62,Naïve,OR,30,42,1056,1380,15421,1280.0,892.0,0,0
62,OnlySelec,OR,30,42,456,580,6681,480.0,337.0,0,685
62,ATGT,OR,30,42,446,567,6546,470.0,337.0,0,16266
62,Espresso,OR,30,41,455,593,6650,492.0,337.0,0,1203
62,JBool,OR,30,41,841,1221,11659,1296.0,337.0,0,633
63,Naïve,AND,31,42,127,145,1846,44.0,32.0,0,0
63,OnlySelec,AND,31,42,127,145,1844,44.0,28.0,16,0
63,ATGT,AND,31,42,127,145,1844,44.0,28.0,16,1289
63,Espresso,AND,31,42,127,146,1844,46.0,28.0,15,54
63,JBool,AND,31,42,127,146,1844,48.0,28.0,16,0
64,Naïve,OR,31,42,1088,1604,16639,1536.0,926.0,0,0
64,OnlySelec,OR,31,42,437,617,6664,528.0,319.0,0,834
64,ATGT,OR,31,42,428,604,6525,518.0,319.0,0,14897
64,Espresso,OR,31,41,436,629,6635,539.0,319.0,0,1033
64,JBool,OR,31,41,876,1265,12513,1410.0,319.0,0,538
65,Naïve,AND,32,42,128,152,1867,52.0,33.0,0,0
65,OnlySelec,AND,32,42,128,152,1865,52.0,29.0,26,0
65,ATGT,AND,32,42,128,152,1865,52.0,29.0,31,1304
65,Espresso,AND,32,42,128,153,1865,54.0,29.0,0,101
65,JBool,AND,32,42,128,153,1865,56.0,29.0,31,0
66,Naïve,OR,32,42,1120,1604,16001,1504.0,951.0,0,0
66,OnlySelec,OR,32,42,320,429,4626,329.0,208.0,0,432
66,ATGT,OR,32,42,313,420,4538,320.0,208.0,0,9805
66,Espresso,OR,32,41,319,437,4609,336.0,208.0,0,1154
66,JBool,OR,32,41,623,885,8587,935.0,208.0,0,601
67,Naïve,AND,33,42,129,157,1875,57.0,34.0,0,0
67,OnlySelec,AND,33,42,129,157,1873,57.0,30.0,14,0
67,ATGT,AND,33,42,128,155,1852,55.0,30.0,16,1303
67,Espresso,AND,33,42,129,158,1873,59.0,30.0,0,70
67,JBool,AND,33,42,129,158,1873,61.0,30.0,15,0
68,Naïve,OR,33,42,1152,1700,16195,1600.0,976.0,0,0
68,OnlySelec,OR,33,42,327,450,4670,350.0,214.0,0,417
68,ATGT,OR,33,42,319,439,4568,343.0,214.0,0,10245
68,Espresso,OR,33,41,326,458,4649,357.0,214.0,0,913
68,JBool,OR,33,41,715,1030,9531,1148.0,214.0,0,1002
69,Naïve,AND,34,42,130,155,1874,54.0,35.0,0,0
69,OnlySelec,AND,34,42,130,155,1938,54.0,31.0,16,0
69,ATGT,AND,34,42,129,153,1926,52.0,31.0,3,1332
69,Espresso,AND,34,41,129,157,1933,56.0,31.0,0,69
69,JBool,AND,34,41,129,157,1933,56.0,31.0,16,15
70,Naïve,OR,34,42,1184,1796,17637,1728.0,1010.0,0,0
70,OnlySelec,OR,34,42,334,471,4923,378.0,225.0,0,734
70,ATGT,OR,34,42,328,461,4842,368.0,225.0,0,9957
70,Espresso,OR,34,42,334,478,4909,385.0,225.0,0,837
70,JBool,OR,34,42,605,932,8533,933.0,225.0,0,485
71,Naïve,AND,35,42,131,161,1902,61.0,36.0,0,0
71,OnlySelec,AND,35,42,131,161,1900,61.0,31.0,17,0
71,ATGT,AND,35,42,130,159,1879,59.0,31.0,0,1418
71,Espresso,AND,35,42,131,162,1900,63.0,31.0,16,53
71,JBool,AND,35,42,131,162,1900,65.0,31.0,16,0
72,Naïve,OR,35,42,1216,1828,17831,1728.0,1042.0,0,0
72,OnlySelec,OR,35,42,271,370,3941,270.0,165.0,0,692
72,ATGT,OR,35,42,266,362,3872,262.0,165.0,0,7191
72,Espresso,OR,35,42,271,375,3931,275.0,165.0,0,701
72,JBool,OR,35,42,650,915,8777,1012.0,165.0,0,585
73,Naïve,AND,36,42,132,154,1901,53.0,37.0,0,0
73,OnlySelec,AND,36,42,132,154,1899,53.0,32.0,15,0
73,ATGT,AND,36,42,131,152,1888,51.0,32.0,16,1335
73,Espresso,AND,36,42,132,155,1897,55.0,32.0,16,82
73,JBool,AND,36,42,132,155,1897,55.0,32.0,16,16
74,Naïve,OR,36,42,1248,1892,18345,1824.0,1069.0,0,0
74,OnlySelec,OR,36,42,492,716,7257,627.0,368.0,0,431
74,ATGT,OR,36,42,481,697,7098,608.0,368.0,0,15611
74,Espresso,OR,36,41,491,728,7230,638.0,368.0,0,1101
74,JBool,OR,36,41,1151,1808,16026,1986.0,368.0,0,654
75,Naïve,AND,37,42,133,157,1925,56.0,38.0,0,0
75,OnlySelec,AND,37,42,133,157,1923,56.0,33.0,15,0
75,ATGT,AND,37,42,132,155,1902,54.0,33.0,15,1303
75,Espresso,AND,37,42,133,158,1923,58.0,33.0,15,54
75,JBool,AND,37,42,133,158,1923,60.0,33.0,16,15
76,Naïve,OR,37,42,1280,2020,19435,1920.0,1104.0,0,0
76,OnlySelec,OR,37,42,503,760,7563,660.0,382.0,0,438
76,ATGT,OR,37,42,492,742,7417,643.0,382.0,0,15426
76,Espresso,OR,37,42,503,771,7539,671.0,382.0,0,1233
76,JBool,OR,37,42,1241,1885,17257,2134.0,382.0,0,701
77,Naïve,AND,38,42,134,167,1946,66.0,39.0,0,0
77,OnlySelec,AND,38,42,134,167,1944,66.0,34.0,25,0
77,ATGT,AND,38,42,133,165,1933,64.0,34.0,15,1417
77,Espresso,AND,38,42,134,168,1942,68.0,34.0,15,54
77,JBool,AND,38,42,134,168,1942,68.0,34.0,15,0
78,Naïve,OR,38,42,1312,2116,19469,2048.0,1131.0,0,0
78,OnlySelec,OR,38,42,286,415,4268,320.0,176.0,0,432
78,ATGT,OR,38,42,282,409,4197,314.0,176.0,0,7394
78,Espresso,OR,38,41,285,421,4255,325.0,176.0,0,917
78,JBool,OR,38,41,738,1090,10415,1209.0,176.0,0,533
79,Naïve,AND,39,42,135,163,1962,62.0,40.0,0,0
79,OnlySelec,AND,39,42,135,163,2036,62.0,36.0,33,0
79,ATGT,AND,39,42,135,163,2036,62.0,36.0,31,1456
79,Espresso,AND,39,41,134,165,2031,64.0,36.0,16,52
79,JBool,AND,39,41,134,165,2031,64.0,36.0,15,0
80,Naïve,OR,39,42,1344,1860,19407,1792.0,1161.0,0,0
80,OnlySelec,OR,39,42,603,815,8748,728.0,470.0,0,600
80,ATGT,OR,39,42,589,790,8514,706.0,470.0,0,19182
80,Espresso,OR,39,41,602,829,8715,741.0,470.0,0,1487
80,JBool,OR,39,41,1560,2493,22929,2695.0,470.0,0,933
81,Naïve,AND,40,42,136,164,1968,63.0,41.0,0,0
81,OnlySelec,AND,40,42,136,164,1966,63.0,36.0,17,0
81,ATGT,AND,40,42,135,163,1960,62.0,36.0,16,1519
81,Espresso,AND,40,42,136,165,1966,65.0,36.0,16,53
81,JBool,AND,40,42,136,165,1966,67.0,36.0,16,0
82,Naïve,OR,40,42,1376,2212,20369,2112.0,1188.0,0,0
82,OnlySelec,OR,40,42,176,232,2563,132.0,73.0,0,432
82,ATGT,OR,40,42,174,229,2536,129.0,73.0,0,3289
82,Espresso,OR,40,42,176,234,2559,134.0,73.0,0,538
82,JBool,OR,40,42,390,522,5110,535.0,73.0,0,485
84,Naïve,OR,41,42,1408,2084,20659,1984.0,1219.0,0,0
84,OnlySelec,OR,41,42,342,472,5059,372.0,227.0,0,423
84,ATGT,OR,41,42,336,464,4979,367.0,227.0,0,9422
84,Espresso,OR,41,41,341,479,5040,378.0,227.0,0,1061
84,JBool,OR,41,41,747,1074,10590,1204.0,227.0,0,716
