idconf,method,type,flit,feat,lit,op,chars,lev,simpl,timeSelection,timeSimplification
none,NONE,null,5,6,3,65,0.0,0.0,0,0
3,Naïve,AND,1,6,7,5,75,2.0,2.0,0,0
3,OnlySelec,AND,1,6,7,5,75,3.0,1.0,2,0
3,ATGT,AND,1,6,7,5,75,3.0,1.0,0,47
3,Espresso,AND,1,5,6,7,70,5.0,1.0,0,61
3,JBool,AND,1,5,6,7,70,7.0,1.0,0,63
3,QM,AND,1,5,8,12,91,12.0,1.0,0,35
4,Naïve,AND,3,5,9,8,99,6.0,4.0,0,0
4,OnlySelec,AND,3,5,9,8,101,6.0,1.0,0,0
4,ATGT,AND,3,5,9,8,101,6.0,1.0,0,0
4,Espresso,AND,3,4,8,10,96,8.0,1.0,0,37
4,JBool,AND,3,4,8,10,96,9.0,1.0,0,0
4,QM,AND,3,4,7,9,88,8.0,1.0,0,16
5,Naïve,AND,4,5,10,9,108,7.0,5.0,0,0
5,OnlySelec,AND,4,5,10,9,112,7.0,1.0,0,0
5,ATGT,AND,4,5,10,9,112,7.0,1.0,0,21
5,Espresso,AND,4,4,9,11,107,9.0,1.0,0,48
5,JBool,AND,4,4,9,11,107,11.0,1.0,0,0
5,QM,AND,4,4,9,12,101,12.0,1.0,0,30
6,Naïve,AND,2,5,8,6,85,4.0,3.0,0,0
6,OnlySelec,AND,2,5,8,6,85,4.0,1.0,0,0
6,ATGT,AND,2,5,8,6,85,4.0,1.0,0,0
6,Espresso,AND,2,4,7,8,80,6.0,1.0,0,47
6,JBool,AND,2,4,7,8,80,8.0,1.0,0,0
6,QM,AND,2,4,8,12,94,12.0,1.0,0,31
7,Naïve,AND,3,5,9,7,91,5.0,4.0,0,0
7,OnlySelec,AND,3,5,9,7,93,5.0,1.0,0,0
7,ATGT,AND,3,5,9,7,93,5.0,1.0,0,5
7,Espresso,AND,3,4,8,9,88,7.0,1.0,0,99
7,JBool,AND,3,4,8,9,88,9.0,1.0,0,0
7,QM,AND,3,4,7,10,82,9.0,1.0,0,27
8,Naïve,AND,4,5,10,11,110,9.0,5.0,0,0
8,OnlySelec,AND,4,5,10,11,114,9.0,1.0,0,0
8,ATGT,AND,4,5,10,11,114,9.0,1.0,0,0
8,Espresso,AND,4,4,9,13,109,11.0,1.0,0,47
8,JBool,AND,4,4,9,11,107,11.0,1.0,0,0
8,QM,AND,4,4,9,12,105,11.0,1.0,0,31
9,Naïve,AND,4,5,10,10,109,8.0,5.0,0,0
9,OnlySelec,AND,4,5,10,10,113,8.0,1.0,0,0
9,ATGT,AND,4,5,10,10,113,8.0,1.0,0,16
9,Espresso,AND,4,4,9,12,108,10.0,1.0,0,62
9,JBool,AND,4,4,9,12,108,12.0,1.0,0,0
9,QM,AND,4,4,10,13,119,13.0,1.0,0,13698
10,Naïve,OR,3,5,12,11,133,12.0,2.0,0,0
10,OnlySelec,OR,3,5,12,11,133,12.0,2.0,0,31
10,ATGT,OR,3,5,10,8,118,9.0,2.0,0,48
10,Espresso,OR,3,4,11,14,126,14.0,2.0,0,147
10,JBool,OR,3,4,7,10,76,10.0,2.0,0,18
10,QM,OR,3,4,7,10,76,9.0,2.0,0,84
11,Naïve,AND,4,5,10,10,109,8.0,5.0,0,0
11,OnlySelec,AND,4,5,10,10,113,8.0,1.0,0,0
11,ATGT,AND,4,5,9,8,104,6.0,1.0,0,0
11,Espresso,AND,4,4,9,12,108,10.0,1.0,0,54
11,JBool,AND,4,4,9,12,108,12.0,1.0,0,0
11,QM,AND,4,4,6,8,70,7.0,1.0,0,25
12,Naïve,AND,3,5,9,10,104,8.0,4.0,0,0
12,OnlySelec,AND,3,5,9,10,106,8.0,1.0,0,0
12,ATGT,AND,3,5,9,10,106,8.0,1.0,0,0
12,Espresso,AND,3,4,8,12,101,10.0,1.0,0,47
12,JBool,AND,3,4,8,9,98,9.0,1.0,0,0
12,QM,AND,3,4,7,8,87,6.0,1.0,0,33
13,Naïve,OR,3,5,12,13,141,14.0,2.0,0,0
13,OnlySelec,OR,3,5,12,13,141,14.0,2.0,0,21
13,ATGT,OR,3,5,10,9,122,10.0,2.0,0,31
13,Espresso,OR,3,4,11,16,134,16.0,2.0,0,153
13,JBool,OR,3,4,7,11,80,11.0,2.0,0,31
13,QM,OR,3,4,7,11,80,10.0,2.0,0,85
14,Naïve,AND,3,5,9,8,102,6.0,4.0,0,0
14,OnlySelec,AND,3,5,9,8,104,6.0,1.0,0,0
14,ATGT,AND,3,5,9,8,104,6.0,1.0,0,0
14,Espresso,AND,3,4,8,10,99,8.0,1.0,0,69
14,JBool,AND,3,4,8,10,99,10.0,1.0,0,0
14,QM,AND,3,4,10,13,129,13.0,1.0,0,234
15,Naïve,AND,2,5,8,7,83,5.0,3.0,0,0
15,OnlySelec,AND,2,5,8,7,83,5.0,1.0,0,0
15,ATGT,AND,2,5,8,7,83,5.0,1.0,16,0
15,Espresso,AND,2,4,7,9,78,7.0,1.0,0,63
15,JBool,AND,2,4,7,9,78,9.0,1.0,0,0
15,QM,AND,2,4,8,10,86,9.0,1.0,0,16
16,Naïve,AND,3,5,9,8,102,6.0,4.0,0,0
16,OnlySelec,AND,3,5,9,8,104,6.0,0.0,0,0
16,ATGT,AND,3,5,9,8,104,6.0,0.0,0,0
16,Espresso,AND,3,4,8,10,99,8.0,0.0,0,52
16,JBool,AND,3,4,8,10,99,9.0,0.0,0,0
16,QM,AND,3,4,7,9,91,8.0,0.0,0,22
17,Naïve,AND,4,5,10,10,109,8.0,5.0,0,0
17,OnlySelec,AND,4,5,10,10,113,8.0,1.0,0,0
17,ATGT,AND,4,5,10,10,113,8.0,1.0,0,0
17,Espresso,AND,4,4,9,12,108,10.0,1.0,0,47
17,JBool,AND,4,4,9,12,108,11.0,1.0,0,0
17,QM,AND,4,4,9,11,110,11.0,1.0,0,32
18,Naïve,AND,2,5,8,8,94,6.0,3.0,0,0
18,OnlySelec,AND,2,5,8,8,94,6.0,0.0,0,0
18,ATGT,AND,2,5,8,8,94,6.0,0.0,0,16
18,Espresso,AND,2,4,7,10,89,8.0,0.0,0,50
18,JBool,AND,2,4,7,8,87,9.0,0.0,0,0
18,QM,AND,2,4,8,9,105,8.0,0.0,0,20
19,Naïve,OR,4,5,14,13,153,14.0,3.0,0,0
19,OnlySelec,OR,4,5,10,8,107,7.0,2.0,0,39
19,ATGT,OR,4,5,9,6,100,5.0,2.0,0,31
19,Espresso,OR,4,5,10,9,105,8.0,2.0,0,85
19,JBool,OR,4,5,10,9,107,9.0,2.0,0,16
19,QM,OR,4,5,8,6,82,5.0,2.0,0,51
20,Naïve,OR,4,5,14,15,155,16.0,3.0,0,0
20,OnlySelec,OR,4,5,10,9,108,8.0,2.0,0,36
20,ATGT,OR,4,5,9,7,101,6.0,2.0,0,31
20,Espresso,OR,4,5,10,10,106,9.0,2.0,0,85
20,JBool,OR,4,5,10,10,108,10.0,2.0,0,31
20,QM,OR,4,5,8,7,83,6.0,2.0,0,53
21,Naïve,AND,1,5,7,6,85,3.0,2.0,0,0
21,OnlySelec,AND,1,5,7,6,87,4.0,0.0,0,0
21,ATGT,AND,1,4,5,7,64,7.0,0.0,0,2
21,Espresso,AND,1,4,6,6,78,4.0,0.0,0,54
21,JBool,AND,1,4,5,5,60,5.0,0.0,0,1
21,QM,AND,1,4,6,6,78,4.0,0.0,0,17
22,Naïve,AND,4,5,10,11,110,9.0,5.0,0,0
22,OnlySelec,AND,4,5,10,11,114,9.0,1.0,0,0
22,ATGT,AND,4,5,10,11,114,9.0,1.0,0,0
22,Espresso,AND,4,4,9,13,109,11.0,1.0,0,69
22,JBool,AND,4,4,9,11,107,11.0,1.0,0,0
22,QM,AND,4,4,10,12,118,12.0,1.0,0,12721
23,Naïve,AND,3,5,9,8,92,6.0,4.0,0,0
23,OnlySelec,AND,3,5,9,8,94,6.0,1.0,0,0
23,ATGT,AND,3,5,9,8,94,6.0,1.0,0,0
23,Espresso,AND,3,4,8,10,89,8.0,1.0,0,78
23,JBool,AND,3,4,8,10,89,10.0,1.0,0,0
23,QM,AND,3,4,10,13,109,13.0,1.0,0,335
24,Naïve,AND,4,5,10,8,107,6.0,5.0,0,0
24,OnlySelec,AND,4,5,10,8,111,6.0,1.0,0,0
24,ATGT,AND,4,5,9,7,100,5.0,1.0,0,0
24,Espresso,AND,4,4,9,10,106,8.0,1.0,0,47
24,JBool,AND,4,4,9,10,106,10.0,1.0,0,0
24,QM,AND,4,4,6,8,70,8.0,1.0,0,31
25,Naïve,OR,3,5,12,11,139,12.0,2.0,0,0
25,OnlySelec,OR,3,5,12,11,139,12.0,2.0,0,23
25,ATGT,OR,3,5,9,7,103,7.0,2.0,0,24
25,Espresso,OR,3,4,11,14,132,14.0,2.0,0,131
25,JBool,OR,3,5,7,9,76,15.0,-1.0,0,16
25,QM,OR,3,4,4,5,42,9.0,-2.0,0,69
26,Naïve,AND,3,5,9,9,103,7.0,4.0,0,0
26,OnlySelec,AND,3,5,9,9,105,7.0,1.0,0,0
26,ATGT,AND,3,5,9,9,105,7.0,1.0,0,0
26,Espresso,AND,3,4,8,11,100,9.0,1.0,0,47
26,JBool,AND,3,4,8,10,99,10.0,1.0,0,0
26,QM,AND,3,4,7,9,88,7.0,1.0,0,16
27,Naïve,OR,2,5,10,9,119,10.0,1.0,0,0
27,OnlySelec,OR,2,5,10,9,119,10.0,1.0,0,31
27,ATGT,OR,2,5,8,6,92,5.0,1.0,0,23
27,Espresso,OR,2,4,9,12,112,12.0,1.0,0,131
27,JBool,OR,2,5,5,7,52,10.0,-1.0,0,16
27,QM,OR,2,4,4,6,43,9.0,-2.0,0,69
28,Naïve,AND,4,5,10,11,110,9.0,5.0,0,0
28,OnlySelec,AND,4,5,10,11,114,9.0,1.0,0,0
28,ATGT,AND,4,5,9,9,95,7.0,1.0,0,3
28,Espresso,AND,4,4,9,13,109,11.0,1.0,0,51
28,JBool,AND,4,4,9,11,107,11.0,1.0,0,0
28,QM,AND,4,4,6,7,69,5.0,1.0,0,16
29,Naïve,AND,3,5,9,10,101,8.0,4.0,0,0
29,OnlySelec,AND,3,5,9,10,103,8.0,1.0,0,0
29,ATGT,AND,3,5,9,10,103,8.0,1.0,0,0
29,Espresso,AND,3,4,8,12,98,10.0,1.0,0,70
29,JBool,AND,3,4,8,9,95,10.0,1.0,0,0
29,QM,AND,3,4,10,12,122,12.0,1.0,0,253
30,Naïve,AND,4,5,10,10,109,8.0,5.0,0,0
30,OnlySelec,AND,4,5,10,10,113,8.0,1.0,0,0
30,ATGT,AND,4,5,9,8,94,6.0,1.0,0,0
30,Espresso,AND,4,4,9,12,108,10.0,1.0,0,58
30,JBool,AND,4,4,9,12,108,11.0,1.0,0,0
30,QM,AND,4,4,6,8,70,6.0,1.0,0,15
31,Naïve,AND,3,5,9,9,100,7.0,4.0,0,0
31,OnlySelec,AND,3,5,9,9,102,7.0,1.0,0,0
31,ATGT,AND,3,5,9,9,102,7.0,1.0,0,0
31,Espresso,AND,3,4,8,11,97,9.0,1.0,0,84
31,JBool,AND,3,4,8,10,96,11.0,1.0,0,0
31,QM,AND,3,4,10,13,123,13.0,1.0,0,218
32,Naïve,OR,3,5,12,13,135,14.0,2.0,0,0
32,OnlySelec,OR,3,5,9,8,99,7.0,1.0,0,19
32,ATGT,OR,3,5,8,6,92,5.0,1.0,0,31
32,Espresso,OR,3,5,9,9,97,8.0,1.0,0,85
32,JBool,OR,3,5,7,6,72,4.0,1.0,0,31
32,QM,OR,3,5,7,6,72,4.0,1.0,0,54
33,Naïve,OR,4,5,14,13,153,14.0,3.0,0,0
33,OnlySelec,OR,4,5,10,8,111,7.0,1.0,0,16
33,ATGT,OR,4,5,8,5,91,4.0,1.0,0,28
33,Espresso,OR,4,4,9,10,106,8.0,1.0,0,69
33,JBool,OR,4,4,6,7,69,6.0,1.0,0,35
33,QM,OR,4,4,6,7,69,5.0,1.0,0,65
34,Naïve,OR,4,5,14,17,157,18.0,3.0,0,0
34,OnlySelec,OR,4,5,10,10,109,9.0,2.0,0,31
34,ATGT,OR,4,5,9,8,102,7.0,2.0,0,26
34,Espresso,OR,4,5,10,11,107,10.0,2.0,0,84
34,JBool,OR,4,5,10,11,109,11.0,2.0,0,17
34,QM,OR,4,5,8,8,84,7.0,2.0,0,47
35,Naïve,AND,3,5,9,9,100,7.0,4.0,0,0
35,OnlySelec,AND,3,5,9,9,102,7.0,1.0,0,0
35,ATGT,AND,3,5,9,9,102,7.0,1.0,0,2
35,Espresso,AND,3,4,8,11,97,9.0,1.0,0,47
35,JBool,AND,3,4,8,10,96,11.0,1.0,0,0
35,QM,AND,3,4,7,8,87,7.0,1.0,0,19
36,Naïve,AND,3,5,9,9,103,7.0,4.0,0,0
36,OnlySelec,AND,3,5,9,9,105,7.0,1.0,0,0
36,ATGT,AND,3,5,9,9,105,7.0,1.0,0,0
36,Espresso,AND,3,4,8,11,100,9.0,1.0,0,54
36,JBool,AND,3,4,8,10,99,10.0,1.0,0,0
36,QM,AND,3,4,10,12,128,12.0,1.0,0,232
37,Naïve,AND,4,5,10,9,108,7.0,5.0,0,0
37,OnlySelec,AND,4,5,10,9,112,7.0,1.0,0,0
37,ATGT,AND,4,5,10,9,112,7.0,1.0,0,0
37,Espresso,AND,4,4,9,11,107,9.0,1.0,0,53
37,JBool,AND,4,4,9,11,107,10.0,1.0,0,0
37,QM,AND,4,4,9,12,111,12.0,1.0,0,31
38,Naïve,AND,4,5,10,12,111,10.0,5.0,0,0
38,OnlySelec,AND,4,5,10,12,115,10.0,1.0,0,0
38,ATGT,AND,4,5,10,12,115,10.0,1.0,0,0
38,Espresso,AND,4,4,9,14,110,12.0,1.0,0,47
38,JBool,AND,4,4,9,10,106,10.0,1.0,0,0
38,QM,AND,4,4,9,11,104,10.0,1.0,0,38
39,Naïve,AND,2,5,8,7,96,5.0,3.0,0,0
39,OnlySelec,AND,2,5,8,7,96,5.0,0.0,0,0
39,ATGT,AND,2,5,8,7,96,5.0,0.0,0,0
39,Espresso,AND,2,4,7,9,91,7.0,0.0,0,65
39,JBool,AND,2,4,7,9,91,9.0,0.0,0,0
39,QM,AND,2,4,8,10,109,9.0,0.0,0,16
40,Naïve,AND,2,5,8,8,94,6.0,3.0,0,0
40,OnlySelec,AND,2,5,8,8,92,6.0,0.0,0,0
40,ATGT,AND,2,5,7,7,73,6.0,0.0,0,0
40,Espresso,AND,2,5,8,9,92,8.0,0.0,0,62
40,JBool,AND,2,5,8,6,91,6.0,0.0,0,0
40,QM,AND,2,5,5,2,46,2.0,-2.0,0,22
41,Naïve,AND,3,5,9,10,104,8.0,4.0,0,0
41,OnlySelec,AND,3,5,9,10,106,8.0,0.0,0,0
41,ATGT,AND,3,5,9,10,106,8.0,0.0,0,0
41,Espresso,AND,3,4,8,12,101,10.0,0.0,0,62
41,JBool,AND,3,4,8,9,98,9.0,0.0,0,0
41,QM,AND,3,4,7,8,87,6.0,0.0,0,16
42,Naïve,AND,3,5,9,9,103,7.0,4.0,0,0
42,OnlySelec,AND,3,5,9,9,105,7.0,0.0,0,0
42,ATGT,AND,3,4,7,10,82,10.0,0.0,0,15
42,Espresso,AND,3,4,8,11,100,9.0,0.0,0,55
42,JBool,AND,3,4,8,10,99,10.0,0.0,0,0
42,QM,AND,3,4,4,4,42,3.0,-1.0,0,25
43,Naïve,AND,3,5,9,9,103,7.0,4.0,0,0
43,OnlySelec,AND,3,5,9,9,105,7.0,0.0,0,0
43,ATGT,AND,3,5,9,9,105,7.0,0.0,0,0
43,Espresso,AND,3,4,8,11,100,9.0,0.0,0,47
43,JBool,AND,3,4,8,10,99,10.0,0.0,0,0
43,QM,AND,3,4,8,10,99,9.0,0.0,0,30
44,Naïve,OR,3,5,12,11,139,12.0,2.0,0,0
44,OnlySelec,OR,3,5,9,7,101,6.0,1.0,0,33
44,ATGT,OR,3,5,8,5,94,4.0,1.0,0,31
44,Espresso,OR,3,5,9,8,99,7.0,1.0,0,99
44,JBool,OR,3,5,7,5,74,3.0,1.0,0,31
44,QM,OR,3,5,7,5,74,3.0,1.0,0,47
45,Naïve,AND,2,5,8,7,93,5.0,3.0,0,0
45,OnlySelec,AND,2,5,8,7,91,5.0,0.0,0,0
45,ATGT,AND,2,5,8,7,91,5.0,0.0,0,0
45,Espresso,AND,2,5,8,8,91,7.0,0.0,0,53
45,JBool,AND,2,5,8,7,92,7.0,0.0,0,0
45,QM,AND,2,5,8,7,92,7.0,0.0,0,21
46,Naïve,AND,3,5,9,9,93,7.0,4.0,0,0
46,OnlySelec,AND,3,5,9,9,95,7.0,1.0,0,0
46,ATGT,AND,3,5,9,9,95,7.0,1.0,0,0
46,Espresso,AND,3,4,8,11,90,9.0,1.0,0,53
46,JBool,AND,3,4,8,10,89,10.0,1.0,0,0
46,QM,AND,3,4,7,9,78,7.0,1.0,0,31
47,Naïve,AND,3,5,9,8,99,6.0,4.0,0,0
47,OnlySelec,AND,3,5,9,8,101,6.0,1.0,0,0
47,ATGT,AND,3,5,9,8,101,6.0,1.0,0,0
47,Espresso,AND,3,4,8,10,96,8.0,1.0,0,47
47,JBool,AND,3,4,8,10,96,10.0,1.0,0,0
47,QM,AND,3,4,7,9,78,9.0,1.0,0,24
48,Naïve,AND,2,5,8,8,97,6.0,3.0,0,0
48,OnlySelec,AND,2,5,8,8,97,6.0,0.0,0,0
48,ATGT,AND,2,4,6,9,74,9.0,0.0,0,0
48,Espresso,AND,2,4,7,10,92,8.0,0.0,0,47
48,JBool,AND,2,4,7,8,90,8.0,0.0,0,1
48,QM,AND,2,4,5,5,60,2.0,0.0,0,15
49,Naïve,AND,3,5,9,7,101,5.0,4.0,0,0
49,OnlySelec,AND,3,5,9,7,103,5.0,1.0,0,0
49,ATGT,AND,3,5,9,7,103,5.0,1.0,0,15
49,Espresso,AND,3,4,8,9,98,7.0,1.0,0,53
49,JBool,AND,3,4,8,9,98,9.0,1.0,0,0
49,QM,AND,3,4,7,10,82,9.0,1.0,0,32
50,Naïve,AND,2,5,8,7,93,5.0,3.0,0,0
50,OnlySelec,AND,2,5,8,7,93,5.0,0.0,0,0
50,ATGT,AND,2,4,6,8,70,8.0,0.0,0,0
50,Espresso,AND,2,4,7,9,88,7.0,0.0,0,47
50,JBool,AND,2,4,7,9,88,8.0,0.0,0,0
50,QM,AND,2,4,5,5,60,4.0,0.0,0,20
51,Naïve,OR,4,5,14,15,155,16.0,3.0,0,0
51,OnlySelec,OR,4,5,14,15,155,16.0,3.0,0,21
51,ATGT,OR,4,5,11,10,128,11.0,3.0,0,31
51,Espresso,OR,4,4,13,18,148,18.0,3.0,0,147
51,JBool,OR,4,4,10,15,113,17.0,3.0,0,31
51,QM,OR,4,4,8,12,88,12.0,3.0,0,84
52,Naïve,AND,1,5,7,5,74,2.0,2.0,0,0
52,OnlySelec,AND,1,5,7,5,74,3.0,0.0,0,0
52,ATGT,AND,1,5,6,5,66,3.0,0.0,0,16
52,Espresso,AND,1,5,7,6,74,5.0,0.0,0,53
52,JBool,AND,1,5,6,5,66,5.0,0.0,0,0
52,QM,AND,1,5,6,5,66,3.0,0.0,0,16
53,Naïve,AND,2,5,8,8,87,6.0,3.0,0,0
53,OnlySelec,AND,2,5,8,8,87,6.0,0.0,0,0
53,ATGT,AND,2,4,6,9,74,8.0,0.0,0,0
53,Espresso,AND,2,4,7,10,82,8.0,0.0,0,47
53,JBool,AND,2,4,7,8,80,8.0,0.0,0,0
53,QM,AND,2,4,5,5,60,2.0,0.0,0,21
54,Naïve,AND,1,5,7,6,78,3.0,2.0,0,0
54,OnlySelec,AND,1,5,7,6,80,4.0,0.0,0,0
54,ATGT,AND,1,3,3,4,39,5.0,-2.0,0,0
54,Espresso,AND,1,4,6,6,71,4.0,0.0,0,116
54,JBool,AND,1,3,3,2,35,4.0,-3.0,0,0
54,QM,AND,1,3,3,2,35,4.0,-3.0,0,20
55,Naïve,AND,1,5,7,5,74,2.0,2.0,0,0
55,OnlySelec,AND,1,5,7,5,74,3.0,0.0,0,0
55,ATGT,AND,1,3,3,3,33,4.0,-2.0,0,15
55,Espresso,AND,1,4,6,7,69,5.0,0.0,0,69
55,JBool,AND,1,3,3,3,33,4.0,-2.0,0,0
55,QM,AND,1,3,3,3,33,4.0,-2.0,0,31
56,Naïve,AND,2,5,8,7,83,5.0,3.0,0,0
56,OnlySelec,AND,2,5,8,7,83,5.0,1.0,0,0
56,ATGT,AND,2,5,8,7,83,5.0,1.0,0,0
56,Espresso,AND,2,4,7,9,78,7.0,1.0,0,53
56,JBool,AND,2,4,7,9,78,9.0,1.0,0,0
56,QM,AND,2,4,7,8,77,7.0,1.0,0,21
57,Naïve,AND,2,5,8,6,85,4.0,3.0,0,0
57,OnlySelec,AND,2,5,8,6,85,4.0,0.0,0,0
57,ATGT,AND,2,4,6,7,69,4.0,0.0,0,0
57,Espresso,AND,2,4,7,8,80,6.0,0.0,0,69
57,JBool,AND,2,4,7,8,80,8.0,0.0,0,0
57,QM,AND,2,4,5,7,62,6.0,0.0,0,16
58,Naïve,AND,1,5,7,5,77,2.0,2.0,0,0
58,OnlySelec,AND,1,5,7,5,77,3.0,0.0,0,0
58,ATGT,AND,1,4,5,6,61,3.0,0.0,0,0
58,Espresso,AND,1,4,6,7,72,5.0,0.0,0,55
58,JBool,AND,1,4,5,6,61,5.0,0.0,0,0
58,QM,AND,1,4,6,9,74,8.0,0.0,0,32
59,Naïve,AND,2,5,8,7,86,5.0,3.0,0,0
59,OnlySelec,AND,2,5,8,7,86,5.0,0.0,0,0
59,ATGT,AND,2,4,4,5,45,4.0,-1.0,0,0
59,Espresso,AND,2,4,7,9,81,7.0,0.0,0,46
59,JBool,AND,2,4,4,4,42,3.0,-1.0,0,0
59,QM,AND,2,4,4,4,42,3.0,-1.0,0,16
60,Naïve,AND,2,5,8,7,93,5.0,3.0,0,0
60,OnlySelec,AND,2,5,8,7,93,5.0,0.0,0,0
60,ATGT,AND,2,4,6,8,80,8.0,0.0,0,0
60,Espresso,AND,2,4,7,9,88,7.0,0.0,0,53
60,JBool,AND,2,4,7,9,88,9.0,0.0,0,0
60,QM,AND,2,4,5,5,60,4.0,0.0,0,22
61,Naïve,AND,2,5,8,6,92,4.0,3.0,0,0
61,OnlySelec,AND,2,5,8,6,90,4.0,0.0,0,0
61,ATGT,AND,2,5,7,6,82,4.0,0.0,0,16
61,Espresso,AND,2,5,8,7,90,6.0,0.0,0,53
61,JBool,AND,2,5,8,7,90,6.0,0.0,0,0
61,QM,AND,2,4,5,3,57,2.0,-1.0,0,23
62,Naïve,AND,1,5,7,6,75,3.0,2.0,0,0
62,OnlySelec,AND,1,5,7,6,77,4.0,0.0,0,0
62,ATGT,AND,1,4,5,7,64,7.0,0.0,0,0
62,Espresso,AND,1,4,6,6,68,4.0,0.0,0,54
62,JBool,AND,1,4,5,5,60,5.0,0.0,0,0
62,QM,AND,1,4,6,6,68,4.0,0.0,0,25
63,Naïve,AND,2,5,8,7,86,5.0,3.0,0,0
63,OnlySelec,AND,2,5,8,7,86,5.0,0.0,0,0
63,ATGT,AND,2,5,8,7,86,5.0,0.0,0,16
63,Espresso,AND,2,4,7,9,81,7.0,0.0,0,50
63,JBool,AND,2,4,7,9,81,9.0,0.0,0,0
63,QM,AND,2,4,8,10,89,9.0,0.0,0,37
64,Naïve,AND,3,5,9,9,103,7.0,4.0,0,0
64,OnlySelec,AND,3,5,9,9,105,7.0,0.0,0,0
64,ATGT,AND,3,4,7,10,92,9.0,0.0,0,0
64,Espresso,AND,3,4,8,11,100,9.0,0.0,0,53
64,JBool,AND,3,4,8,10,99,10.0,0.0,0,0
64,QM,AND,3,3,4,4,52,3.0,-1.0,0,27
65,Naïve,AND,1,5,7,6,75,3.0,2.0,0,0
65,OnlySelec,AND,1,5,7,6,75,4.0,0.0,0,0
65,ATGT,AND,1,5,5,4,48,3.0,-1.0,0,0
65,Espresso,AND,1,5,7,5,73,4.0,0.0,0,67
65,JBool,AND,1,5,5,2,46,2.0,-2.0,0,0
65,QM,AND,1,5,5,2,46,2.0,-2.0,0,15
66,Naïve,AND,3,5,9,8,102,6.0,4.0,0,0
66,OnlySelec,AND,3,5,9,8,104,6.0,1.0,0,0
66,ATGT,AND,3,5,9,8,104,6.0,1.0,0,0
66,Espresso,AND,3,4,8,10,99,8.0,1.0,0,47
66,JBool,AND,3,4,8,10,99,10.0,1.0,0,0
66,QM,AND,3,4,6,8,70,6.0,1.0,16,20
67,Naïve,AND,2,5,8,7,96,5.0,3.0,0,0
67,OnlySelec,AND,2,5,8,7,96,5.0,0.0,0,0
67,ATGT,AND,2,3,4,5,55,5.0,-1.0,0,0
67,Espresso,AND,2,4,7,9,91,7.0,0.0,0,53
67,JBool,AND,2,3,4,4,52,3.0,-1.0,0,0
67,QM,AND,2,3,4,4,52,3.0,-1.0,0,16
68,Naïve,AND,2,5,8,7,86,5.0,3.0,0,0
68,OnlySelec,AND,2,5,8,7,86,5.0,1.0,0,0
68,ATGT,AND,2,5,8,7,86,5.0,1.0,16,0
68,Espresso,AND,2,4,7,9,81,7.0,1.0,0,54
68,JBool,AND,2,4,7,9,81,9.0,1.0,0,0
68,QM,AND,2,4,8,11,93,11.0,1.0,0,25
69,Naïve,AND,1,5,7,5,84,2.0,2.0,0,0
69,OnlySelec,AND,1,5,7,5,84,3.0,0.0,0,0
69,ATGT,AND,1,2,3,3,43,4.0,-2.0,0,0
69,Espresso,AND,1,4,6,7,79,5.0,0.0,0,53
69,JBool,AND,1,2,3,3,43,4.0,-2.0,0,0
69,QM,AND,1,2,3,3,43,4.0,-2.0,0,19
70,Naïve,AND,2,5,8,7,86,5.0,3.0,0,0
70,OnlySelec,AND,2,5,8,7,86,5.0,1.0,0,0
70,ATGT,AND,2,5,8,7,86,5.0,1.0,0,0
70,Espresso,AND,2,4,7,9,81,7.0,1.0,0,53
70,JBool,AND,2,4,7,9,81,9.0,1.0,0,0
70,QM,AND,2,4,7,10,79,9.0,1.0,0,28
71,Naïve,AND,2,5,8,8,84,6.0,3.0,0,0
71,OnlySelec,AND,2,5,8,8,84,6.0,1.0,0,0
71,ATGT,AND,2,5,8,8,84,6.0,1.0,0,0
71,Espresso,AND,2,4,7,10,79,8.0,1.0,0,47
71,JBool,AND,2,4,7,8,77,9.0,1.0,0,0
71,QM,AND,2,4,8,9,85,8.0,1.0,0,22
