idconf,method,type,flit,feat,lit,op,chars,lev,simpl,timeSelection,timeSimplification
none,NONE,null,5,6,3,65,0.0,0.0,0,0
3,Naïve,OR,3,5,12,13,141,14.0,2.0,0,0
3,OnlySelec,OR,3,5,12,13,141,14.0,2.0,0,26
3,ATGT,OR,3,5,11,11,134,12.0,2.0,0,6589
3,Espresso,OR,3,4,11,16,134,16.0,2.0,0,135
3,JBool,OR,3,4,7,11,80,11.0,2.0,0,70
4,Naïve,AND,2,5,8,7,93,5.0,3.0,0,0
4,OnlySelec,AND,2,5,8,7,91,5.0,0.0,1,0
4,ATGT,AND,2,5,8,7,91,5.0,0.0,1,1176
4,Espresso,AND,2,5,8,8,91,7.0,0.0,0,52
4,JBool,AND,2,5,8,7,92,7.0,0.0,1,2
5,Naïve,AND,1,5,7,6,75,3.0,2.0,0,0
5,OnlySelec,AND,1,5,7,6,77,4.0,0.0,1,0
5,ATGT,AND,1,4,5,7,64,7.0,0.0,1,1124
5,Espresso,AND,1,4,6,6,68,4.0,0.0,0,53
5,JBool,AND,1,4,5,5,60,5.0,0.0,0,3
6,Naïve,OR,3,5,12,11,133,12.0,2.0,0,0
6,OnlySelec,OR,3,5,12,11,133,12.0,2.0,0,40
6,ATGT,OR,3,5,9,7,100,7.0,2.0,0,2337
6,Espresso,OR,3,4,11,14,126,14.0,2.0,0,166
6,JBool,OR,3,4,7,10,76,10.0,2.0,0,32
7,Naïve,AND,2,5,8,6,92,4.0,3.0,0,0
7,OnlySelec,AND,2,5,8,6,92,4.0,0.0,1,0
7,ATGT,AND,2,3,4,4,51,4.0,-1.0,1,1689
7,Espresso,AND,2,4,7,8,87,6.0,0.0,0,61
7,JBool,AND,2,3,4,4,51,4.0,-1.0,0,1
8,Naïve,AND,3,5,9,9,93,7.0,4.0,0,0
8,OnlySelec,AND,3,5,9,9,95,7.0,1.0,0,0
8,ATGT,AND,3,5,9,9,95,7.0,1.0,0,1277
8,Espresso,AND,3,4,8,11,90,9.0,1.0,0,65
8,JBool,AND,3,4,8,10,89,10.0,1.0,1,3
9,Naïve,AND,2,5,8,7,86,5.0,3.0,0,0
9,OnlySelec,AND,2,5,8,7,86,5.0,0.0,0,0
9,ATGT,AND,2,5,8,7,86,5.0,0.0,0,1250
9,Espresso,AND,2,4,7,9,81,7.0,0.0,0,54
9,JBool,AND,2,4,7,9,81,9.0,0.0,0,3
10,Naïve,AND,4,5,10,10,109,8.0,5.0,0,0
10,OnlySelec,AND,4,5,10,10,113,8.0,1.0,0,0
10,ATGT,AND,4,5,10,10,113,8.0,1.0,1,1197
10,Espresso,AND,4,4,9,12,108,10.0,1.0,0,52
10,JBool,AND,4,4,9,12,108,12.0,1.0,1,1
11,Naïve,OR,3,5,12,11,139,12.0,2.0,0,0
11,OnlySelec,OR,3,5,12,11,139,12.0,2.0,0,29
11,ATGT,OR,3,5,9,7,103,7.0,2.0,0,2328
11,Espresso,OR,3,4,11,14,132,14.0,2.0,0,133
11,JBool,OR,3,5,7,9,76,15.0,-1.0,0,29
12,Naïve,AND,2,5,8,7,83,5.0,3.0,0,0
12,OnlySelec,AND,2,5,8,7,83,5.0,1.0,0,0
12,ATGT,AND,2,5,8,7,83,5.0,1.0,0,1098
12,Espresso,AND,2,4,7,9,78,7.0,1.0,1,51
12,JBool,AND,2,4,7,9,78,9.0,1.0,1,1
13,Naïve,AND,4,5,10,9,108,7.0,5.0,0,0
13,OnlySelec,AND,4,5,10,9,112,7.0,1.0,1,0
13,ATGT,AND,4,5,10,9,112,7.0,1.0,1,1087
13,Espresso,AND,4,4,9,11,107,9.0,1.0,0,53
13,JBool,AND,4,4,9,11,107,10.0,1.0,0,1
14,Naïve,AND,1,5,7,5,77,2.0,2.0,0,0
14,OnlySelec,AND,1,5,7,5,77,3.0,0.0,0,0
14,ATGT,AND,1,4,5,6,61,3.0,0.0,0,1138
14,Espresso,AND,1,4,6,7,72,5.0,0.0,0,55
14,JBool,AND,1,4,5,6,61,5.0,0.0,1,1
15,Naïve,AND,1,5,7,6,85,3.0,2.0,0,0
15,OnlySelec,AND,1,5,7,6,87,4.0,0.0,0,0
15,ATGT,AND,1,4,5,7,64,7.0,0.0,0,1118
15,Espresso,AND,1,4,6,6,78,4.0,0.0,1,52
15,JBool,AND,1,4,5,5,60,5.0,0.0,0,1
16,Naïve,AND,3,5,9,9,93,7.0,4.0,0,0
16,OnlySelec,AND,3,5,9,9,95,7.0,1.0,0,0
16,ATGT,AND,3,5,9,9,95,7.0,1.0,0,1091
16,Espresso,AND,3,4,8,11,90,9.0,1.0,0,53
16,JBool,AND,3,4,8,10,89,10.0,1.0,0,1
17,Naïve,AND,4,5,10,11,110,9.0,5.0,0,0
17,OnlySelec,AND,4,5,10,11,114,9.0,1.0,0,0
17,ATGT,AND,4,5,10,11,114,9.0,1.0,0,1122
17,Espresso,AND,4,4,9,13,109,11.0,1.0,0,64
17,JBool,AND,4,4,9,11,107,11.0,1.0,0,1
18,Naïve,AND,3,5,9,9,100,7.0,4.0,0,0
18,OnlySelec,AND,3,5,9,9,102,7.0,1.0,1,0
18,ATGT,AND,3,5,9,9,102,7.0,1.0,1,1154
18,Espresso,AND,3,4,8,11,97,9.0,1.0,0,55
18,JBool,AND,3,4,8,10,96,11.0,1.0,0,1
19,Naïve,AND,4,5,10,12,111,10.0,5.0,0,0
19,OnlySelec,AND,4,5,10,12,115,10.0,1.0,1,0
19,ATGT,AND,4,5,10,12,115,10.0,1.0,1,1102
19,Espresso,AND,4,4,9,14,110,12.0,1.0,0,54
19,JBool,AND,4,4,9,10,106,10.0,1.0,1,1
20,Naïve,OR,4,5,14,15,155,16.0,3.0,0,0
20,OnlySelec,OR,4,5,10,9,108,8.0,2.0,0,28
20,ATGT,OR,4,5,9,7,101,6.0,2.0,0,1133
20,Espresso,OR,4,5,10,10,106,9.0,2.0,0,81
20,JBool,OR,4,5,10,10,108,10.0,2.0,0,29
21,Naïve,OR,4,5,14,13,153,14.0,3.0,0,0
21,OnlySelec,OR,4,5,10,8,107,7.0,2.0,0,28
21,ATGT,OR,4,5,9,6,100,5.0,2.0,0,1165
21,Espresso,OR,4,5,10,9,105,8.0,2.0,0,81
21,JBool,OR,4,5,10,9,107,9.0,2.0,0,29
22,Naïve,AND,1,5,7,6,78,3.0,2.0,0,0
22,OnlySelec,AND,1,5,7,6,80,4.0,0.0,0,0
22,ATGT,AND,1,3,3,4,39,5.0,-2.0,0,1086
22,Espresso,AND,1,4,6,6,71,4.0,0.0,0,53
22,JBool,AND,1,3,3,2,35,4.0,-3.0,0,0
23,Naïve,AND,4,5,10,11,110,9.0,5.0,0,0
23,OnlySelec,AND,4,5,10,11,114,9.0,1.0,0,0
23,ATGT,AND,4,5,10,11,114,9.0,1.0,1,1108
23,Espresso,AND,4,4,9,13,109,11.0,1.0,0,54
23,JBool,AND,4,4,9,11,107,11.0,1.0,0,2
24,Naïve,OR,4,5,14,13,153,14.0,3.0,0,0
24,OnlySelec,OR,4,5,10,8,111,7.0,1.0,0,28
24,ATGT,OR,4,5,7,4,73,2.0,1.0,0,1149
24,Espresso,OR,4,4,9,10,106,8.0,1.0,0,78
24,JBool,OR,4,4,6,7,69,6.0,1.0,0,28
25,Naïve,AND,3,5,9,7,101,5.0,4.0,0,0
25,OnlySelec,AND,3,5,9,7,103,5.0,0.0,0,0
25,ATGT,AND,3,4,7,8,87,5.0,0.0,0,1086
25,Espresso,AND,3,4,8,9,98,7.0,0.0,1,52
25,JBool,AND,3,4,8,9,98,9.0,0.0,0,1
26,Naïve,AND,2,5,8,7,93,5.0,3.0,0,0
26,OnlySelec,AND,2,5,8,7,93,5.0,0.0,0,0
26,ATGT,AND,2,4,6,8,80,8.0,0.0,0,1128
26,Espresso,AND,2,4,7,9,88,7.0,0.0,1,53
26,JBool,AND,2,4,7,9,88,9.0,0.0,0,1
27,Naïve,AND,2,5,8,8,94,6.0,3.0,0,0
27,OnlySelec,AND,2,5,8,8,94,6.0,0.0,0,0
27,ATGT,AND,2,5,8,8,94,6.0,0.0,0,1144
27,Espresso,AND,2,4,7,10,89,8.0,0.0,0,53
27,JBool,AND,2,4,7,8,87,9.0,0.0,1,0
28,Naïve,OR,4,5,14,17,157,18.0,3.0,0,0
28,OnlySelec,OR,4,5,10,10,109,9.0,2.0,0,28
28,ATGT,OR,4,5,9,8,102,7.0,2.0,0,1152
28,Espresso,OR,4,5,10,11,107,10.0,2.0,0,87
28,JBool,OR,4,5,10,11,109,11.0,2.0,0,29
29,Naïve,AND,1,5,7,5,84,2.0,2.0,0,0
29,OnlySelec,AND,1,5,7,5,84,3.0,0.0,0,0
29,ATGT,AND,1,2,3,3,43,4.0,-2.0,0,1173
29,Espresso,AND,1,4,6,7,79,5.0,0.0,0,54
29,JBool,AND,1,2,3,3,43,4.0,-2.0,0,1
30,Naïve,AND,3,5,9,8,92,6.0,4.0,0,0
30,OnlySelec,AND,3,5,9,8,94,6.0,1.0,0,0
30,ATGT,AND,3,5,9,8,94,6.0,1.0,1,1129
30,Espresso,AND,3,4,8,10,89,8.0,1.0,0,53
30,JBool,AND,3,4,8,10,89,10.0,1.0,1,0
31,Naïve,AND,3,5,9,9,100,7.0,4.0,0,0
31,OnlySelec,AND,3,5,9,9,102,7.0,1.0,1,0
31,ATGT,AND,3,5,9,9,102,7.0,1.0,0,1096
31,Espresso,AND,3,4,8,11,97,9.0,1.0,1,52
31,JBool,AND,3,4,8,10,96,11.0,1.0,0,1
32,Naïve,AND,2,5,8,6,92,4.0,3.0,0,0
32,OnlySelec,AND,2,5,8,6,90,4.0,0.0,1,0
32,ATGT,AND,2,5,7,6,82,4.0,0.0,0,1107
32,Espresso,AND,2,5,8,7,90,6.0,0.0,0,52
32,JBool,AND,2,5,8,7,90,6.0,0.0,0,1
33,Naïve,AND,3,5,9,9,93,7.0,4.0,0,0
33,OnlySelec,AND,3,5,9,9,95,7.0,1.0,0,0
33,ATGT,AND,3,5,9,9,95,7.0,1.0,0,1106
33,Espresso,AND,3,4,8,11,90,9.0,1.0,0,52
33,JBool,AND,3,4,8,10,89,10.0,1.0,0,1
34,Naïve,AND,3,5,9,7,98,5.0,4.0,0,0
34,OnlySelec,AND,3,5,9,7,100,5.0,1.0,0,1
34,ATGT,AND,3,5,9,7,100,5.0,1.0,0,1104
34,Espresso,AND,3,4,8,9,95,7.0,1.0,0,53
34,JBool,AND,3,4,8,9,95,9.0,1.0,1,0
35,Naïve,AND,2,5,8,8,84,6.0,3.0,0,0
35,OnlySelec,AND,2,5,8,8,84,6.0,1.0,0,0
35,ATGT,AND,2,5,8,8,84,6.0,1.0,0,1109
35,Espresso,AND,2,4,7,10,79,8.0,1.0,0,53
35,JBool,AND,2,4,7,8,77,9.0,1.0,0,0
36,Naïve,AND,3,5,9,7,91,5.0,4.0,0,0
36,OnlySelec,AND,3,5,9,7,93,5.0,1.0,0,0
36,ATGT,AND,3,5,9,7,93,5.0,1.0,1,1116
36,Espresso,AND,3,4,8,9,88,7.0,1.0,0,53
36,JBool,AND,3,4,8,9,88,9.0,1.0,0,1
37,Naïve,AND,1,5,7,6,75,3.0,2.0,0,0
37,OnlySelec,AND,1,5,7,6,75,4.0,0.0,0,0
37,ATGT,AND,1,5,5,4,48,3.0,-1.0,0,1083
37,Espresso,AND,1,5,7,5,73,4.0,0.0,1,51
37,JBool,AND,1,5,5,2,46,2.0,-2.0,0,0
38,Naïve,AND,1,5,7,5,74,2.0,2.0,0,0
38,OnlySelec,AND,1,5,7,5,74,3.0,0.0,0,0
38,ATGT,AND,1,3,3,3,33,4.0,-2.0,0,1118
38,Espresso,AND,1,4,6,7,69,5.0,0.0,0,52
38,JBool,AND,1,3,3,3,33,4.0,-2.0,1,0
39,Naïve,AND,1,5,7,5,74,2.0,2.0,0,0
39,OnlySelec,AND,1,5,7,5,74,3.0,0.0,0,0
39,ATGT,AND,1,5,6,5,66,3.0,0.0,0,1099
39,Espresso,AND,1,5,7,6,74,5.0,0.0,0,51
39,JBool,AND,1,5,6,5,66,5.0,0.0,0,0
40,Naïve,OR,4,5,14,15,155,16.0,3.0,0,0
40,OnlySelec,OR,4,5,14,15,155,16.0,3.0,0,28
40,ATGT,OR,4,5,10,9,110,9.0,3.0,0,2258
40,Espresso,OR,4,4,13,18,148,18.0,3.0,0,132
40,JBool,OR,4,4,10,15,113,17.0,3.0,0,29
41,Naïve,AND,3,5,9,8,92,6.0,4.0,0,0
41,OnlySelec,AND,3,5,9,8,94,6.0,1.0,0,0
41,ATGT,AND,3,5,9,8,94,6.0,1.0,1,1122
41,Espresso,AND,3,4,8,10,89,8.0,1.0,0,54
41,JBool,AND,3,4,8,10,89,10.0,1.0,0,1
42,Naïve,AND,2,5,8,7,86,5.0,3.0,0,0
42,OnlySelec,AND,2,5,8,7,86,5.0,1.0,0,0
42,ATGT,AND,2,5,8,7,86,5.0,1.0,0,1096
42,Espresso,AND,2,4,7,9,81,7.0,1.0,1,52
42,JBool,AND,2,4,7,9,81,9.0,1.0,0,1
43,Naïve,AND,3,5,9,8,102,6.0,4.0,0,0
43,OnlySelec,AND,3,5,9,8,104,6.0,0.0,0,0
43,ATGT,AND,3,5,9,8,104,6.0,0.0,1,1117
43,Espresso,AND,3,4,8,10,99,8.0,0.0,0,53
43,JBool,AND,3,4,8,10,99,9.0,0.0,0,0
44,Naïve,AND,2,5,8,6,95,4.0,3.0,0,0
44,OnlySelec,AND,2,5,8,6,95,4.0,0.0,0,0
44,ATGT,AND,2,4,6,7,79,4.0,0.0,0,1259
44,Espresso,AND,2,4,7,8,90,6.0,0.0,1,51
44,JBool,AND,2,4,7,8,90,8.0,0.0,0,1
45,Naïve,AND,2,5,8,7,83,5.0,3.0,0,0
45,OnlySelec,AND,2,5,8,7,83,5.0,1.0,1,0
45,ATGT,AND,2,5,8,7,83,5.0,1.0,0,1119
45,Espresso,AND,2,4,7,9,78,7.0,1.0,0,53
45,JBool,AND,2,4,7,9,78,9.0,1.0,0,0
46,Naïve,AND,3,5,9,8,102,6.0,4.0,0,0
46,OnlySelec,AND,3,5,9,8,104,6.0,1.0,0,0
46,ATGT,AND,3,5,9,8,104,6.0,1.0,1,1146
46,Espresso,AND,3,4,8,10,99,8.0,1.0,0,54
46,JBool,AND,3,4,8,10,99,10.0,1.0,0,0
47,Naïve,AND,2,5,8,6,85,4.0,3.0,0,0
47,OnlySelec,AND,2,5,8,6,85,4.0,0.0,0,0
47,ATGT,AND,2,4,6,7,69,4.0,0.0,0,1120
47,Espresso,AND,2,4,7,8,80,6.0,0.0,0,52
47,JBool,AND,2,4,7,8,80,8.0,0.0,0,1
48,Naïve,AND,3,5,9,8,99,6.0,4.0,0,0
48,OnlySelec,AND,3,5,9,8,101,6.0,1.0,0,0
48,ATGT,AND,3,5,9,8,101,6.0,1.0,0,1099
48,Espresso,AND,3,4,8,10,96,8.0,1.0,1,50
48,JBool,AND,3,4,8,10,96,9.0,1.0,0,0
49,Naïve,OR,3,5,12,13,135,14.0,2.0,0,0
49,OnlySelec,OR,3,5,9,8,99,7.0,1.0,0,29
49,ATGT,OR,3,5,8,6,92,5.0,1.0,0,1216
49,Espresso,OR,3,5,9,9,97,8.0,1.0,0,91
49,JBool,OR,3,5,7,6,72,4.0,1.0,0,26
50,Naïve,AND,4,5,10,10,109,8.0,5.0,0,0
50,OnlySelec,AND,4,5,10,10,113,8.0,1.0,0,0
50,ATGT,AND,4,5,9,8,94,6.0,1.0,0,1127
50,Espresso,AND,4,4,9,12,108,10.0,1.0,0,52
50,JBool,AND,4,4,9,12,108,11.0,1.0,0,1
51,Naïve,AND,3,5,9,9,103,7.0,4.0,0,0
51,OnlySelec,AND,3,5,9,9,105,7.0,0.0,0,0
51,ATGT,AND,3,4,7,10,82,10.0,0.0,0,1138
51,Espresso,AND,3,4,8,11,100,9.0,0.0,0,67
51,JBool,AND,3,4,8,10,99,10.0,0.0,0,1
52,Naïve,AND,2,5,8,8,87,6.0,3.0,0,0
52,OnlySelec,AND,2,5,8,8,87,6.0,1.0,0,0
52,ATGT,AND,2,5,8,8,87,6.0,1.0,1,1131
52,Espresso,AND,2,4,7,10,82,8.0,1.0,0,52
52,JBool,AND,2,4,7,8,80,8.0,1.0,0,1
53,Naïve,AND,2,5,8,6,82,4.0,3.0,0,0
53,OnlySelec,AND,2,5,8,6,82,4.0,1.0,0,0
53,ATGT,AND,2,5,8,6,82,4.0,1.0,0,1166
53,Espresso,AND,2,4,7,8,77,6.0,1.0,1,80
53,JBool,AND,2,4,7,8,77,8.0,1.0,0,1
54,Naïve,AND,3,5,9,8,92,6.0,4.0,0,0
54,OnlySelec,AND,3,5,9,8,94,6.0,1.0,0,0
54,ATGT,AND,3,5,9,8,94,6.0,1.0,0,1171
54,Espresso,AND,3,4,8,10,89,8.0,1.0,0,52
54,JBool,AND,3,4,8,10,89,10.0,1.0,0,1
55,Naïve,AND,4,5,10,10,109,8.0,5.0,0,0
55,OnlySelec,AND,4,5,10,10,113,8.0,1.0,0,0
55,ATGT,AND,4,5,9,8,104,6.0,1.0,0,1291
55,Espresso,AND,4,4,9,12,108,10.0,1.0,0,54
55,JBool,AND,4,4,9,12,108,12.0,1.0,0,1
56,Naïve,AND,4,5,10,8,107,6.0,5.0,0,0
56,OnlySelec,AND,4,5,10,8,111,6.0,1.0,0,0
56,ATGT,AND,4,5,9,7,100,5.0,1.0,1,1087
56,Espresso,AND,4,4,9,10,106,8.0,1.0,0,52
56,JBool,AND,4,4,9,10,106,10.0,1.0,0,0
57,Naïve,AND,2,5,8,8,97,6.0,3.0,0,0
57,OnlySelec,AND,2,5,8,8,97,6.0,0.0,1,0
57,ATGT,AND,2,4,6,9,74,9.0,0.0,0,1127
57,Espresso,AND,2,4,7,10,92,8.0,0.0,0,53
57,JBool,AND,2,4,7,8,90,8.0,0.0,0,0
58,Naïve,AND,4,5,10,11,110,9.0,5.0,0,0
58,OnlySelec,AND,4,5,10,11,114,9.0,1.0,0,0
58,ATGT,AND,4,5,9,9,95,7.0,1.0,0,1094
58,Espresso,AND,4,4,9,13,109,11.0,1.0,1,51
58,JBool,AND,4,4,9,11,107,11.0,1.0,0,0
59,Naïve,AND,2,5,8,7,86,5.0,3.0,0,0
59,OnlySelec,AND,2,5,8,7,86,5.0,1.0,0,0
59,ATGT,AND,2,5,8,7,86,5.0,1.0,0,1122
59,Espresso,AND,2,4,7,9,81,7.0,1.0,0,53
59,JBool,AND,2,4,7,9,81,9.0,1.0,0,0
60,Naïve,AND,3,5,9,10,104,8.0,4.0,0,0
60,OnlySelec,AND,3,5,9,10,106,8.0,0.0,0,0
60,ATGT,AND,3,5,9,10,106,8.0,0.0,0,1127
60,Espresso,AND,3,4,8,12,101,10.0,0.0,1,53
60,JBool,AND,3,4,8,9,98,9.0,0.0,0,1
61,Naïve,AND,2,5,8,8,87,6.0,3.0,0,0
61,OnlySelec,AND,2,5,8,8,87,6.0,0.0,0,0
61,ATGT,AND,2,4,6,9,74,8.0,0.0,0,1091
61,Espresso,AND,2,4,7,10,82,8.0,0.0,0,54
61,JBool,AND,2,4,7,8,80,8.0,0.0,0,1
62,Naïve,AND,2,5,8,7,96,5.0,3.0,0,0
62,OnlySelec,AND,2,5,8,7,96,5.0,0.0,0,0
62,ATGT,AND,2,5,8,7,96,5.0,0.0,0,1125
62,Espresso,AND,2,4,7,9,91,7.0,0.0,0,66
62,JBool,AND,2,4,7,9,91,9.0,0.0,0,1
63,Naïve,AND,2,5,8,7,96,5.0,3.0,0,0
63,OnlySelec,AND,2,5,8,7,96,5.0,0.0,2,0
63,ATGT,AND,2,3,4,5,55,5.0,-1.0,1,1088
63,Espresso,AND,2,4,7,9,91,7.0,0.0,0,52
63,JBool,AND,2,3,4,4,52,3.0,-1.0,0,1
64,Naïve,AND,3,5,9,8,99,6.0,4.0,0,0
64,OnlySelec,AND,3,5,9,8,101,6.0,1.0,0,0
64,ATGT,AND,3,5,9,8,101,6.0,1.0,0,1097
64,Espresso,AND,3,4,8,10,96,8.0,1.0,1,52
64,JBool,AND,3,4,8,10,96,10.0,1.0,0,1
65,Naïve,AND,3,5,9,9,103,7.0,4.0,0,0
65,OnlySelec,AND,3,5,9,9,105,7.0,1.0,0,0
65,ATGT,AND,3,5,9,9,105,7.0,1.0,0,1138
65,Espresso,AND,3,4,8,11,100,9.0,1.0,0,53
65,JBool,AND,3,4,8,10,99,10.0,1.0,0,1
66,Naïve,AND,3,5,9,7,101,5.0,4.0,0,0
66,OnlySelec,AND,3,5,9,7,103,5.0,1.0,1,0
66,ATGT,AND,3,5,9,7,103,5.0,1.0,0,1130
66,Espresso,AND,3,4,8,9,98,7.0,1.0,0,55
66,JBool,AND,3,4,8,9,98,9.0,1.0,0,0
67,Naïve,AND,4,5,10,10,109,8.0,5.0,0,0
67,OnlySelec,AND,4,5,10,10,113,8.0,1.0,0,0
67,ATGT,AND,4,5,10,10,113,8.0,1.0,0,1111
67,Espresso,AND,4,4,9,12,108,10.0,1.0,0,52
67,JBool,AND,4,4,9,12,108,11.0,1.0,0,0
68,Naïve,AND,3,5,9,10,104,8.0,4.0,0,0
68,OnlySelec,AND,3,5,9,10,106,8.0,1.0,0,0
68,ATGT,AND,3,5,9,10,106,8.0,1.0,0,1111
68,Espresso,AND,3,4,8,12,101,10.0,1.0,0,52
68,JBool,AND,3,4,8,9,98,9.0,1.0,0,1
69,Naïve,AND,3,5,9,8,102,6.0,4.0,0,0
69,OnlySelec,AND,3,5,9,8,104,6.0,1.0,0,0
69,ATGT,AND,3,5,9,8,104,6.0,1.0,0,1121
69,Espresso,AND,3,4,8,10,99,8.0,1.0,0,52
69,JBool,AND,3,4,8,10,99,10.0,1.0,0,1
70,Naïve,OR,3,5,12,11,139,12.0,2.0,0,0
70,OnlySelec,OR,3,5,9,7,101,6.0,1.0,0,28
70,ATGT,OR,3,5,8,5,94,4.0,1.0,0,1125
70,Espresso,OR,3,5,9,8,99,7.0,1.0,0,78
70,JBool,OR,3,5,7,5,74,3.0,1.0,0,28
71,Naïve,AND,3,5,9,10,94,8.0,4.0,0,0
71,OnlySelec,AND,3,5,9,10,96,8.0,1.0,0,0
71,ATGT,AND,3,5,9,10,96,8.0,1.0,0,1110
71,Espresso,AND,3,4,8,12,91,10.0,1.0,0,51
71,JBool,AND,3,4,8,9,88,9.0,1.0,0,1
72,Naïve,AND,4,5,10,9,108,7.0,5.0,0,0
72,OnlySelec,AND,4,5,10,9,112,7.0,1.0,0,0
72,ATGT,AND,4,5,10,9,112,7.0,1.0,0,1127
72,Espresso,AND,4,4,9,11,107,9.0,1.0,1,53
72,JBool,AND,4,4,9,11,107,11.0,1.0,0,0
